/*--------------------------------*- C++ -*----------------------------------*\
| =========                 |                                                 |
| \\      /  F ield         | OpenFOAM: The Open Source CFD Toolbox           |
|  \\    /   O peration     | Version:  2112                                  |
|   \\  /    A nd           | Website:  www.openfoam.com                      |
|    \\/     M anipulation  |                                                 |
\*---------------------------------------------------------------------------*/
FoamFile
{
    version     2.0;
    format      ascii;
    arch        "LSB;label=32;scalar=64";
    class       scalarListList;
    location    "constant/space";
    object      F;
}
// * * * * * * * * * * * * * * * * * * * * * * * * * * * * * * * * * * * * * //


78
(

65
(
0.007417028
0.009302056
0.00762633
0.003458283
0.008869625
0.007340917
0.002211569
0.005381191
0.006356421
0.00484431
0.006152707
0.002678022
0.006743681
0.004493119
0.01958187
0.05094984
0.2284182
0.01319272
0.004634232
0.01455174
0.002334036
0.004205592
0.008916489
0.006329948
0.002005088
0.002862815
0.02163493
0.01732176
0.01219482
0.008915993
0.01680478
0.01971375
0.007264796
0.0147736
0.01377564
0.008979522
0.01135976
0.00809112
0.01489384
0.004089348
0.007402703
0.02235275
0.1649887
0.1124216
0.00241502
0.01467578
0.01976831
0.004071711
0.007317851
0.005226334
0.002966003
0.002508081
0.007417028
0.008712217
0.009680755
0.005825655
0.002384309
0.005653203
0.008302891
0.005510515
0.006735917
0.002117934
0.005871029
0.007045177
0.004134584
)


65
(
0.008712219
0.01325418
0.01340812
0.00653319
0.01351669
0.009360128
0.004443763
0.006643142
0.009103427
0.008880747
0.01003029
0.004501109
0.008969501
0.006155218
0.01811534
0.04923571
0.07653317
0.0206985
0.007703221
0.09072133
0.004658061
0.009174352
0.02611503
0.01579154
0.006946245
0.006933967
0.01983115
0.01957837
0.01619166
0.01230894
0.02031156
0.02023475
0.01068204
0.01546566
0.01677916
0.0128314
0.01524993
0.01182145
0.01807105
0.008012623
0.01383429
0.02855235
0.04406094
0.03185694
0.005676496
0.02704747
0.03191759
0.009588771
0.01417381
0.01343275
0.007965207
0.00757752
0.007812324
0.01025911
0.01157627
0.007521963
0.004043234
0.006860973
0.012318
0.009516989
0.009050876
0.004013973
0.009423521
0.009870149
0.006950046
)


65
(
0.009680754
0.0225006
0.02912498
0.01940331
0.01881013
0.009850434
0.00687499
0.005780731
0.008831146
0.01100506
0.01082987
0.003918462
0.007156504
0.003014535
0.006914131
0.02440571
0.02623688
0.01285344
0.004719092
0.1962875
0.003577746
0.008725031
0.051772
0.02009731
0.06413746
0.007699297
0.01654215
0.02138147
0.01990997
0.01709304
0.02020361
0.01621199
0.01308551
0.0110139
0.01388824
0.01365481
0.01435028
0.01223281
0.01365396
0.009430259
0.0134831
0.0213909
0.01980262
0.008168501
0.006343113
0.01672226
0.01307945
0.008923592
0.004715279
0.009134096
0.007804511
0.005422662
0.0060884
0.007692609
0.007101546
0.003921461
0.002438633
0.006712291
0.009179008
0.00742211
0.008484759
0.003544887
0.009228459
0.0114384
0.008512539
)


65
(
0.005825656
0.02331671
0.05265283
0.1567594
0.01588779
0.005954319
0.009943239
0.003048776
0.005349681
0.01001547
0.007728284
0.002476475
0.003726462
0.001528755
0.002210003
0.005256636
0.002541654
0.005103464
0.002722058
0.0619103
0.002927027
0.007241902
0.03799895
0.01546278
0.2562048
0.009892682
0.01071768
0.01789972
0.02045751
0.02103626
0.01639372
0.0108302
0.01546859
0.007247273
0.01044384
0.01367733
0.0124024
0.01303014
0.01027384
0.007823912
0.009407725
0.0109529
0.006893497
0.002792874
0.005785843
0.009190156
0.006176048
0.007043269
0.002342833
0.006236135
0.00712225
0.00425956
0.004375106
0.005473203
0.0044041
0.002241307
0.001624284
0.006060394
0.006754411
0.006046402
0.007410128
0.003284802
0.008706875
0.01260308
0.01031367
)


65
(
0.002384309
0.00867294
0.03483351
0.1409711
0.01031916
0.003176993
0.2086579
0.001928375
0.004407832
0.02513974
0.009659653
0.03930383
0.00328466
0.003074281
0.003417246
0.005349587
0.002135872
0.006980259
0.005195651
0.01536226
0.006434688
0.01214098
0.02608143
0.01878113
0.05853736
0.02051123
0.00801936
0.01371521
0.0187928
0.01988036
0.01490888
0.009401619
0.02000962
0.007269383
0.01139989
0.01755439
0.01474013
0.02026379
0.01274825
0.006406921
0.007667937
0.007432293
0.004122985
0.002109624
0.0061332
0.008065178
0.005851172
0.007392531
0.002549371
0.00713298
0.009178724
0.005980371
0.003848719
0.005374546
0.00424079
0.002239294
0.002359601
0.006292415
0.008440512
0.01085753
0.008708413
0.008342904
0.01425609
0.01694215
0.02506989
)


65
(
0.005653206
0.005926166
0.005405271
0.00221724
0.00742497
0.006770423
0.002568979
0.006360659
0.007666108
0.00610694
0.007640539
0.004707186
0.01023627
0.009241111
0.02033195
0.02401168
0.01706508
0.01535544
0.008806233
0.00450058
0.005183649
0.007246918
0.007620974
0.008142879
0.002856734
0.006082938
0.01620533
0.01190751
0.009797874
0.006850793
0.01491173
0.01949277
0.007639443
0.02079639
0.01797528
0.0106926
0.01424535
0.01150595
0.02636477
0.001567392
0.003199846
0.005873468
0.01216542
0.2473664
0.001670827
0.01244015
0.03899896
0.003539462
0.1496432
0.01068454
0.003842178
0.01521914
0.008828523
0.01276859
0.02437
0.03490657
0.01092213
0.005373968
0.01544282
0.01231967
0.007467205
0.003980989
0.007275753
0.006158896
0.004048724
)


65
(
0.008302893
0.01597885
0.02699828
0.01567652
0.02108243
0.01077132
0.01693493
0.007746772
0.01385722
0.02528631
0.02050898
0.01136444
0.0126434
0.006664617
0.01163967
0.02315579
0.01302818
0.0191723
0.009772838
0.02687177
0.008012405
0.01570458
0.03681099
0.02588169
0.0206902
0.0158334
0.01446343
0.01798874
0.01943583
0.01609676
0.0210885
0.01719696
0.01659319
0.01406618
0.01845089
0.01866096
0.01958936
0.01897057
0.02079843
0.008304624
0.01277783
0.01638919
0.01300714
0.009677297
0.007755108
0.02098931
0.02037965
0.0119841
0.009594958
0.01600889
0.01267164
0.01180334
0.007040632
0.01054355
0.01114451
0.007347524
0.006526017
0.007908438
0.01744516
0.0183409
0.01203168
0.01014197
0.01749781
0.0150386
0.01605943
)


65
(
0.005510518
0.01240553
0.03253275
0.02586519
0.01951708
0.008155463
0.0500994
0.006316691
0.01402113
0.05012908
0.02719284
0.03367477
0.01360372
0.005077092
0.006234283
0.009488534
0.004077484
0.01123053
0.0077878
0.01511342
0.008067775
0.01412265
0.02595247
0.02052621
0.02579898
0.01881993
0.009713758
0.01406998
0.01823054
0.01668956
0.01732009
0.01236738
0.01983173
0.01077873
0.01599213
0.02061662
0.01919551
0.02446415
0.019641
0.006735018
0.009100474
0.009061113
0.005430922
0.003577034
0.007339908
0.01202874
0.01047809
0.009957337
0.005182247
0.01196033
0.01309951
0.01123185
0.004873225
0.00773839
0.007245754
0.00456633
0.008022825
0.006951605
0.01619391
0.02776235
0.01141359
0.02754997
0.02364891
0.01744958
0.03419731
)


65
(
0.006735917
0.008233657
0.009247659
0.003976191
0.01132729
0.008689587
0.005413351
0.007804196
0.01108645
0.01164935
0.01274114
0.008240209
0.01339241
0.009305517
0.01823081
0.02424707
0.01427941
0.01881685
0.01052439
0.008125065
0.006976098
0.01084098
0.01380268
0.01356834
0.005763013
0.009637456
0.0159229
0.01425378
0.01340381
0.00976265
0.01844047
0.02010503
0.01130438
0.02002344
0.02086864
0.01506127
0.01854632
0.01611903
0.02790276
0.00524828
0.00988655
0.0141227
0.01547697
0.04698781
0.005827533
0.02969814
0.05712457
0.01133938
0.05082598
0.02615388
0.01252286
0.02317282
0.009013335
0.01422666
0.02263002
0.02269899
0.01534997
0.006946371
0.02352177
0.02314999
0.01087852
0.009917659
0.01377434
0.009826462
0.008434238
)


65
(
0.00199335
0.004001641
0.01346484
0.01340013
0.008041128
0.00331091
0.09629829
0.002935755
0.007392433
0.0458063
0.01696701
0.2134106
0.008200065
0.004029231
0.004043891
0.004858496
0.001894717
0.006919621
0.006041239
0.00544786
0.007153569
0.01041911
0.01235361
0.01254411
0.01510369
0.01701266
0.006385981
0.009692656
0.01423831
0.01398638
0.01267518
0.008604257
0.01996524
0.008109198
0.01279907
0.01951601
0.0165854
0.02796903
0.01732438
0.00501228
0.006257462
0.005358759
0.002825331
0.001865648
0.006267158
0.007497499
0.006324143
0.007708766
0.003224287
0.008643345
0.01195969
0.009254747
0.00278305
0.004487716
0.003783135
0.002225588
0.004390113
0.004762987
0.009861867
0.02255487
0.007969459
0.06374831
0.02017542
0.01526465
0.0727583
)


65
(
0.005871029
0.008143554
0.01315353
0.005973751
0.01419742
0.008893834
0.0164549
0.008467544
0.01552066
0.02877908
0.02315198
0.02381756
0.01878413
0.007170838
0.009654524
0.01207044
0.005483026
0.01348656
0.009411942
0.007248021
0.008125654
0.01226037
0.01453179
0.01494715
0.009297769
0.01395914
0.01103359
0.01261651
0.01500183
0.01202538
0.01749347
0.01525888
0.01631179
0.01560383
0.0202318
0.02004836
0.02138561
0.02431808
0.0280364
0.005989663
0.009412347
0.009467171
0.00624791
0.0072327
0.007737702
0.0178829
0.02254775
0.01238873
0.01464019
0.02136973
0.01732429
0.02379575
0.006269593
0.01125861
0.01508252
0.01397162
0.02718054
0.006778049
0.02919854
0.04750926
0.01257003
0.03632317
0.02596134
0.013792
0.02228339
)


65
(
0.004335494
0.004298311
0.004701975
0.00183639
0.006805106
0.006176701
0.003830769
0.007038668
0.009475077
0.009251863
0.01048459
0.009862846
0.01508827
0.007512254
0.009635129
0.008548055
0.003903783
0.009789508
0.007821578
0.002755018
0.005880329
0.007237636
0.005933032
0.007283761
0.003316691
0.007739498
0.009759509
0.008349561
0.008762048
0.006394609
0.01235488
0.01430106
0.009322858
0.01890104
0.0186699
0.01329647
0.01649087
0.01744074
0.03369059
0.002457407
0.004267339
0.003952341
0.002625052
0.009345682
0.004053705
0.01140082
0.0313719
0.007400079
0.1150685
0.02167518
0.01310292
0.07583631
0.004522032
0.008340342
0.02169502
0.1150428
0.1385531
0.003044739
0.01909339
0.02864267
0.005377371
0.01550791
0.007907456
0.004173443
0.004059344
)


65
(
0.003006971
0.003398544
0.005365124
0.00215172
0.006930236
0.00507606
0.01650913
0.006189918
0.01183065
0.02630057
0.01850306
0.07567498
0.01961573
0.005220127
0.005352868
0.00515175
0.002079085
0.007224393
0.006612099
0.002827482
0.006613054
0.00816282
0.006787742
0.008327047
0.005699015
0.01153301
0.006542365
0.007746596
0.01054208
0.008993282
0.01162033
0.009809843
0.01534824
0.01166354
0.01591528
0.01835022
0.01806561
0.02831942
0.02652892
0.003967474
0.005527795
0.004404326
0.002342056
0.002458455
0.006365858
0.008668964
0.01091181
0.008794798
0.008019067
0.01415535
0.01667692
0.02307032
0.001825435
0.003627461
0.005103108
0.005916432
0.1324183
0.002282073
0.01370933
0.04369416
0.004785844
0.1892893
0.01547554
0.006008959
0.037712
)


65
(
0.007417028
0.008712217
0.009680755
0.005825655
0.002384309
0.005653203
0.008302891
0.005510515
0.006735917
0.002117934
0.005871029
0.007045177
0.004134584
0.004089348
0.002761254
0.002690832
0.001540569
0.005538572
0.009527545
0.00206637
0.04113447
0.02334778
0.004802123
0.01119612
0.002755976
0.2587532
0.004493119
0.01958187
0.05094984
0.2284182
0.01319272
0.004634232
0.01455174
0.002334036
0.004205592
0.008916489
0.006329948
0.002005088
0.002862815
0.02163493
0.01983115
0.01654215
0.01071768
0.008019359
0.01620532
0.01446343
0.009713754
0.0159229
0.006785105
0.01103359
0.0158592
0.00899575
0.007417028
0.007812322
0.006088401
0.004375105
0.003848719
0.008828519
0.007040631
0.004873223
0.009013335
0.002956991
0.006269593
0.007348301
0.002509973
)


65
(
0.009302058
0.01325418
0.02250061
0.02331671
0.008672941
0.005926164
0.01597885
0.01240552
0.008233659
0.004251744
0.008143555
0.006984755
0.004672998
0.002239316
0.002577326
0.004169933
0.002578447
0.006102497
0.005023769
0.008016161
0.009486325
0.03316723
0.02830213
0.04324751
0.1140766
0.2160052
0.009526188
0.02212486
0.02728553
0.01930306
0.01708341
0.009296495
0.005374637
0.005393495
0.007881018
0.008899874
0.00920084
0.003226863
0.00643899
0.01732176
0.01957837
0.02138148
0.01789972
0.01371521
0.0119075
0.01798874
0.01406997
0.01425378
0.01029845
0.01261652
0.01356804
0.01065157
0.006070851
0.007376432
0.006997573
0.006092193
0.006260547
0.005987627
0.008435304
0.007243585
0.007726973
0.005123693
0.007448179
0.005638984
0.003422639
)


65
(
0.007626331
0.01340812
0.02912499
0.05265283
0.03483351
0.005405269
0.02699828
0.03253274
0.009247661
0.0143064
0.01315354
0.00764071
0.007377045
0.003423645
0.005140967
0.009490834
0.007283243
0.009958145
0.005853944
0.02681079
0.005430223
0.01674259
0.04742636
0.03295248
0.1510814
0.01427355
0.008519559
0.01246442
0.01241503
0.005933162
0.01291778
0.009162937
0.004239258
0.006593291
0.008926791
0.008563953
0.009749625
0.004425711
0.008918036
0.01219482
0.01619166
0.01990998
0.02045751
0.01879281
0.009797871
0.01943583
0.01823054
0.01340382
0.01512821
0.01500183
0.01423833
0.01449535
0.005324398
0.007452931
0.007905581
0.007849093
0.01003975
0.005161118
0.0110173
0.01190994
0.008181184
0.009928984
0.01106603
0.00609562
0.006379616
)


65
(
0.003458284
0.00653319
0.01940332
0.1567594
0.1409711
0.00221724
0.01567652
0.02586518
0.003976192
0.01423764
0.005973752
0.002984134
0.002958615
0.001913372
0.003433157
0.007179345
0.006759727
0.005874404
0.002900396
0.03365903
0.00219775
0.006482936
0.03068321
0.01432932
0.1971823
0.004224186
0.007157572
0.00863259
0.007139031
0.003167239
0.008614637
0.007279767
0.002251083
0.005537236
0.006545032
0.0050036
0.006353275
0.002903554
0.007171623
0.008915994
0.01230894
0.01709304
0.02103626
0.01988037
0.006850791
0.01609676
0.01668955
0.009762652
0.01486053
0.01202538
0.01039124
0.01236576
0.003975521
0.005540241
0.006629321
0.007548291
0.01010801
0.003315058
0.008447882
0.009944939
0.005282692
0.009422113
0.007469676
0.00353547
0.004501993
)


65
(
0.008869625
0.01351669
0.01881013
0.01588778
0.01031916
0.007424966
0.02108243
0.01951707
0.01132729
0.008543698
0.01419741
0.01105829
0.009529072
0.006485914
0.007197906
0.0101646
0.006612792
0.01462851
0.01269387
0.01335391
0.01813131
0.0400889
0.02960999
0.04258897
0.02376044
0.05422085
0.009018653
0.01886778
0.02948673
0.01833399
0.02125549
0.010827
0.01240451
0.007227558
0.01221257
0.01909476
0.01683256
0.007630585
0.01062077
0.01680477
0.02031155
0.02020361
0.01639371
0.01490888
0.01491172
0.0210885
0.01732008
0.01844047
0.01346738
0.01749347
0.02007668
0.01597795
0.00748249
0.01008379
0.008810617
0.007217434
0.008294122
0.009283445
0.01309713
0.01180875
0.01331901
0.008243665
0.01478709
0.01168719
0.007664308
)


65
(
0.007340919
0.009360129
0.009850438
0.005954319
0.003176994
0.006770421
0.01077132
0.008155461
0.00868959
0.003517843
0.008893837
0.01003714
0.006979583
0.008566938
0.006472757
0.006464067
0.003952577
0.01177642
0.01680566
0.005089486
0.03640489
0.0314153
0.01019953
0.01942289
0.005493564
0.05713517
0.005186956
0.01588749
0.04989558
0.07998773
0.01981359
0.006831434
0.1097845
0.004215834
0.00901245
0.03449721
0.01753181
0.01018242
0.006799963
0.01971376
0.02023475
0.01621199
0.0108302
0.009401621
0.01949277
0.01719696
0.01236737
0.02010504
0.009142025
0.01525889
0.02323923
0.01348853
0.009119816
0.01062708
0.007520291
0.005108903
0.004876117
0.01496529
0.01047176
0.007271004
0.01589473
0.004299288
0.01166267
0.01680713
0.005092446
)


65
(
0.00221157
0.004443763
0.006874992
0.009943238
0.208658
0.002568978
0.01693493
0.05009939
0.005413352
0.1023169
0.0164549
0.006225
0.02270005
0.003918411
0.006426161
0.01074884
0.01056189
0.008999901
0.005175691
0.02147536
0.00368646
0.007837772
0.01924798
0.01285415
0.02162345
0.004486346
0.005784644
0.006161293
0.00584871
0.00240148
0.007958218
0.007083275
0.002958942
0.006681157
0.008307898
0.006955502
0.008500642
0.005384429
0.01101181
0.007264797
0.01068204
0.01308551
0.01546859
0.02000962
0.007639441
0.01659319
0.01983173
0.01130438
0.02121307
0.01631179
0.01514964
0.02110383
0.003585317
0.00586235
0.007113916
0.008468618
0.01780965
0.003449796
0.01262924
0.02348713
0.006915463
0.03519814
0.0164905
0.005330956
0.02265466
)


65
(
0.005381192
0.006643142
0.005780733
0.003048776
0.001928375
0.006360657
0.007746772
0.00631669
0.007804197
0.00311924
0.008467546
0.01143784
0.008511136
0.00906969
0.006633933
0.00577826
0.003915549
0.009457454
0.01348059
0.00389641
0.01892462
0.01426533
0.005931851
0.009450499
0.002801789
0.01519711
0.001808973
0.003710652
0.01350293
0.01553952
0.007696228
0.003015402
0.2021016
0.002577326
0.006621025
0.04690616
0.01593716
0.144697
0.006749151
0.01477361
0.01546566
0.0110139
0.007247272
0.007269384
0.02079638
0.01406618
0.01077872
0.02002344
0.008616024
0.01560384
0.03071419
0.01603737
0.009034532
0.01067362
0.006071688
0.003593176
0.0033836
0.03102544
0.00976598
0.005995923
0.02400339
0.003207161
0.01423809
0.0565607
0.006806917
)


65
(
0.00635642
0.009103425
0.008831146
0.005349679
0.004407831
0.007666104
0.01385722
0.01402113
0.01108645
0.007854459
0.01552066
0.015397
0.01626713
0.008436349
0.008086903
0.008744414
0.006184963
0.01244409
0.01301428
0.007485927
0.01511208
0.018576
0.01146243
0.01595995
0.006145814
0.01646911
0.005592552
0.009671581
0.02118615
0.01215726
0.01730725
0.008653843
0.03534408
0.007573471
0.0157724
0.04407773
0.02783028
0.03053385
0.01711335
0.01377564
0.01677915
0.01388824
0.01044383
0.01139988
0.01797527
0.01845088
0.01599212
0.02086864
0.01359901
0.0202318
0.03033859
0.0218835
0.008108339
0.01205611
0.008201977
0.005641437
0.006771396
0.0184391
0.01645009
0.01436014
0.02742907
0.008468234
0.03412538
0.05110285
0.02924713
)


65
(
0.004844311
0.008880747
0.01100506
0.01001547
0.02513974
0.006106939
0.02528631
0.05012907
0.01164935
0.0486692
0.02877908
0.01503428
0.03616329
0.0054996
0.007683364
0.01110976
0.009554135
0.01112616
0.007537252
0.01550016
0.005967119
0.0113155
0.01802877
0.01561556
0.01373524
0.007063785
0.006085729
0.007160572
0.008260773
0.003467225
0.01049438
0.008240458
0.005617603
0.007962464
0.0115114
0.01241503
0.01341945
0.01016723
0.01506798
0.008979524
0.0128314
0.01365481
0.01367733
0.01755439
0.01069259
0.01866096
0.02061661
0.01506127
0.02073576
0.02004836
0.02160676
0.02523155
0.004635622
0.007981793
0.008078052
0.007963478
0.01546009
0.005817723
0.01761277
0.03182085
0.01270592
0.03208931
0.03474263
0.01316411
0.05033937
)


65
(
0.006152708
0.01003029
0.01082988
0.007728284
0.009659655
0.007640538
0.02050898
0.02719283
0.01274114
0.01802745
0.02315199
0.01703745
0.02544171
0.007033557
0.008288456
0.01051975
0.008083988
0.01260667
0.01030886
0.01142429
0.009639741
0.01571371
0.0158136
0.01755448
0.009809556
0.01132769
0.006330293
0.008814769
0.0132276
0.006081515
0.01425782
0.009190981
0.01214576
0.008517845
0.01463172
0.0227461
0.02028827
0.01734213
0.01759989
0.01135977
0.01524993
0.01435029
0.0124024
0.01474013
0.01424535
0.01958936
0.0191955
0.01854632
0.01762199
0.02138562
0.02679767
0.02484021
0.006307815
0.01046192
0.008638404
0.007030972
0.01065443
0.01047065
0.01900817
0.02398878
0.02079193
0.01692455
0.04269191
0.02963505
0.0501804
)


65
(
0.001862972
0.003131206
0.002725887
0.001722765
0.02734179
0.003274563
0.0079057
0.02342592
0.00573232
0.1577383
0.01656874
0.0111493
0.07238476
0.004341311
0.006053901
0.007906861
0.00768417
0.007190098
0.00507058
0.009015244
0.003571699
0.005602305
0.008257552
0.007077662
0.00577768
0.003126506
0.004053438
0.003870199
0.004093822
0.001577194
0.006094804
0.005743171
0.003422863
0.006708606
0.008834695
0.008425323
0.009637904
0.009717203
0.01464442
0.005628606
0.008223615
0.008509782
0.009064442
0.01409655
0.008004138
0.01319692
0.01701853
0.01121324
0.02067276
0.01691693
0.01971562
0.02708814
0.001544874
0.002858037
0.003190552
0.0036586
0.01091771
0.00191636
0.007880249
0.0243421
0.004847297
0.07533606
0.0212258
0.00615986
0.2266036
)


65
(
0.004149959
0.005519693
0.004404004
0.002293207
0.00202133
0.006299242
0.007780555
0.008371519
0.008241488
0.005361583
0.01155947
0.01508827
0.01659793
0.007055616
0.006412252
0.006082951
0.00470605
0.007957223
0.008680428
0.004466712
0.008068256
0.008243042
0.005559088
0.007039312
0.002796907
0.005841583
0.002498567
0.003078425
0.005676701
0.002435007
0.006603599
0.004323907
0.02655443
0.005100894
0.0107021
0.03170155
0.0186551
0.14095
0.01682317
0.009165441
0.01112065
0.008402443
0.006322365
0.007845077
0.01622447
0.01279903
0.01208677
0.01717093
0.01132748
0.01725318
0.03369059
0.02244755
0.003759225
0.005649468
0.003152545
0.001938344
0.002321359
0.02114785
0.00723821
0.006103169
0.01977642
0.003249619
0.02256915
0.2431836
0.0741531
)


65
(
0.004493119
0.006155217
0.003014535
0.001528754
0.00307428
0.009241107
0.006664616
0.005077089
0.009305517
0.004281058
0.007170838
0.01220741
0.007177673
0.004089348
0.002239316
0.003423644
0.001913372
0.006485915
0.008566935
0.00391841
0.009069688
0.00843635
0.005499599
0.007033555
0.006240634
0.01146537
0.2319293
0.02385404
0.003885765
0.001335499
0.01901038
0.04030071
0.001952649
0.01220459
0.00996325
0.003286772
0.005784554
0.002442137
0.006526123
0.2319293
0.05367233
0.0131039
0.001752413
0.001811181
0.02055407
0.01063479
0.003553332
0.01547967
0.001913881
0.005461877
0.007306865
0.003030618
0.02163493
0.01983115
0.01654215
0.01071768
0.008019359
0.01620532
0.01446343
0.009713754
0.0159229
0.006785105
0.01103359
0.0158592
0.00899575
)


65
(
0.01958188
0.01811534
0.006914133
0.002210002
0.003417246
0.02033194
0.01163967
0.006234282
0.01823081
0.004296635
0.009654526
0.01565709
0.007360193
0.002761254
0.002577326
0.005140967
0.003433157
0.007197908
0.006472757
0.006426161
0.006633933
0.008086905
0.007683364
0.008288455
0.008702483
0.01041991
0.02302825
0.006527226
0.005206959
0.002280496
0.01480448
0.02743752
0.004022175
0.01760471
0.01433578
0.006328535
0.009709722
0.005791342
0.01395806
0.02385404
0.1131019
0.2290481
0.03084806
0.008186974
0.005464555
0.02555251
0.01116405
0.009015765
0.004168954
0.00672562
0.004495134
0.003366813
0.01732176
0.01957837
0.02138148
0.01789972
0.01371521
0.0119075
0.01798874
0.01406997
0.01425378
0.01029845
0.01261652
0.01356804
0.01065157
)


65
(
0.05094985
0.04923571
0.02440572
0.005256636
0.005349588
0.02401167
0.02315579
0.009488532
0.02424708
0.005162153
0.01207045
0.01389059
0.007083656
0.002690833
0.004169933
0.009490834
0.007179345
0.01016461
0.006464066
0.01074884
0.00577826
0.008744417
0.01110976
0.01051975
0.01136611
0.009884794
0.006688423
0.004324322
0.005979643
0.003182657
0.01128839
0.01314996
0.005644013
0.01152573
0.01183574
0.007845871
0.0100918
0.007781438
0.01349155
0.003885766
0.01276782
0.05112326
0.1325658
0.03018301
0.004505242
0.02896693
0.02528627
0.008799229
0.01215058
0.01119436
0.006866754
0.007573244
0.01219482
0.01619166
0.01990998
0.02045751
0.01879281
0.009797871
0.01943583
0.01823054
0.01340382
0.01512821
0.01500183
0.01423833
0.01449535
)


65
(
0.2284183
0.07653317
0.02623689
0.002541654
0.002135872
0.01706508
0.01302818
0.004077483
0.01427941
0.002013137
0.005483027
0.006343648
0.002858741
0.00154057
0.002578447
0.007283243
0.006759727
0.006612794
0.003952577
0.01056189
0.003915549
0.006184965
0.009554135
0.008083987
0.01104599
0.007647331
0.003695896
0.002234037
0.003606278
0.002077421
0.006465407
0.007968985
0.004208565
0.008504597
0.008273581
0.005760227
0.00715467
0.006558346
0.01124823
0.001335499
0.00443355
0.01468723
0.1792952
0.04844654
0.002020564
0.01460733
0.01956348
0.004104877
0.0120364
0.006784383
0.003861466
0.005642624
0.008915994
0.01230894
0.01709304
0.02103626
0.01988037
0.006850791
0.01609676
0.01668955
0.009762652
0.01486053
0.01202538
0.01039124
0.01236576
)


65
(
0.01319272
0.02069849
0.01285344
0.005103463
0.006980258
0.01535543
0.01917229
0.01123052
0.01881685
0.007352096
0.01348656
0.01590795
0.009933537
0.005538572
0.006102495
0.009958142
0.005874403
0.01462851
0.01177641
0.008999898
0.009457452
0.01244409
0.01112616
0.01260667
0.01033576
0.01293048
0.01862434
0.01379673
0.01206461
0.005392407
0.02679302
0.02747389
0.007584354
0.01523722
0.01791083
0.01084886
0.01487001
0.008565016
0.01465168
0.01901038
0.04528007
0.05130686
0.01622104
0.01280155
0.01267152
0.03690235
0.01861788
0.01986316
0.009386507
0.01562247
0.01257168
0.00928252
0.01680477
0.02031155
0.02020361
0.01639371
0.01490888
0.01491172
0.0210885
0.01732008
0.01844047
0.01346738
0.01749347
0.02007668
0.01597795
)


65
(
0.004634233
0.007703222
0.004719094
0.002722058
0.005195652
0.008806232
0.009772839
0.007787799
0.0105244
0.006418818
0.009411945
0.01271007
0.009091637
0.009527548
0.00502377
0.005853945
0.002900397
0.01269388
0.01680566
0.005175691
0.01348059
0.01301428
0.007537252
0.01030886
0.00728896
0.0141057
0.0531342
0.1341487
0.0181158
0.005814114
0.05411836
0.03826738
0.005635037
0.01092209
0.01524403
0.008357886
0.01224649
0.005023619
0.008599321
0.04030072
0.03960356
0.01662441
0.003765768
0.00447635
0.02438017
0.0190382
0.008199948
0.02379383
0.004832811
0.01162885
0.01520331
0.007351311
0.01971376
0.02023475
0.01621199
0.0108302
0.009401621
0.01949277
0.01719696
0.01236737
0.02010504
0.009142025
0.01525889
0.02323923
0.01348853
)


65
(
0.01455174
0.09072133
0.1962876
0.06191029
0.01536226
0.004500579
0.02687177
0.01511341
0.008125067
0.005788352
0.007248022
0.004476905
0.003887787
0.002066371
0.008016161
0.02681079
0.03365903
0.01335392
0.005089485
0.02147536
0.00389641
0.007485929
0.01550016
0.01142429
0.01295941
0.007258406
0.002577668
0.002628949
0.005534788
0.003884232
0.007258989
0.00612571
0.007071906
0.006231341
0.007916611
0.008104767
0.008425133
0.009176194
0.01010171
0.00195265
0.005291482
0.007963581
0.01474143
0.02363931
0.003710503
0.01382382
0.01703333
0.006480409
0.01458933
0.01000782
0.007540324
0.01026842
0.007264797
0.01068204
0.01308551
0.01546859
0.02000962
0.007639441
0.01659319
0.01983173
0.01130438
0.02121307
0.01631179
0.01514964
0.02110383
)


65
(
0.002334036
0.004658061
0.003577747
0.002927027
0.006434689
0.005183648
0.008012405
0.008067772
0.0069761
0.007600668
0.008125656
0.009555535
0.009092949
0.04113448
0.009486325
0.005430223
0.00219775
0.01813132
0.03640488
0.00368646
0.01892462
0.01511209
0.005967119
0.00963974
0.005134318
0.01311091
0.006772742
0.2159122
0.1278816
0.03569936
0.03488706
0.008847634
0.008371802
0.002893368
0.006081776
0.008270771
0.007825912
0.003953244
0.003465694
0.01220459
0.01272468
0.005212409
0.001967941
0.003344322
0.01644335
0.00982042
0.005932451
0.01516371
0.004370983
0.009011926
0.01509367
0.007512633
0.01477361
0.01546566
0.0110139
0.007247272
0.007269384
0.02079638
0.01406618
0.01077872
0.02002344
0.008616024
0.01560384
0.03071419
0.01603737
)


65
(
0.004205592
0.009174349
0.008725031
0.0072419
0.01214098
0.007246914
0.01570458
0.01412264
0.01084098
0.0110703
0.01226036
0.01176116
0.01122387
0.02334778
0.03316722
0.01674259
0.006482934
0.0400889
0.03141529
0.00783777
0.01426533
0.018576
0.0113155
0.0157137
0.008053311
0.01339494
0.009328448
0.03197115
0.03843886
0.02153651
0.03872468
0.01666708
0.01656878
0.008137135
0.01464991
0.01749845
0.01760981
0.01121538
0.01046762
0.009963249
0.01617524
0.01003204
0.004383263
0.006668623
0.01302499
0.01631446
0.01045785
0.0161756
0.007371368
0.01250662
0.01504956
0.009999437
0.01377564
0.01677915
0.01388824
0.01044383
0.01139988
0.01797527
0.01845088
0.01599212
0.02086864
0.01359901
0.0202318
0.03033859
0.0218835
)


65
(
0.008916491
0.02611503
0.05177201
0.03799895
0.02608143
0.007620972
0.03681099
0.02595247
0.01380269
0.01312571
0.01453179
0.009641177
0.009333145
0.004802124
0.02830213
0.04742636
0.03068321
0.02961
0.01019953
0.01924798
0.005931851
0.01146243
0.01802877
0.0158136
0.01187023
0.009033516
0.003484399
0.004798812
0.01024311
0.007472963
0.01175746
0.008070963
0.01100081
0.006979525
0.01011511
0.01174808
0.01161164
0.01153284
0.01105458
0.003286772
0.008079947
0.009759556
0.009900452
0.01525556
0.005813314
0.01636068
0.01595392
0.009390179
0.01241088
0.01197299
0.01035269
0.01119945
0.008979524
0.0128314
0.01365481
0.01367733
0.01755439
0.01069259
0.01866096
0.02061661
0.01506127
0.02073576
0.02004836
0.02160676
0.02523155
)


65
(
0.006329949
0.01579154
0.02009731
0.01546278
0.01878113
0.008142877
0.0258817
0.02052621
0.01356835
0.01332812
0.01494715
0.01183611
0.01144969
0.01119613
0.04324751
0.03295248
0.01432932
0.04258899
0.01942289
0.01285415
0.0094505
0.01595995
0.01561556
0.01755448
0.01017414
0.01143888
0.005561379
0.01049492
0.01894559
0.01290151
0.02082341
0.011823
0.01463306
0.008076093
0.01298161
0.01541211
0.01531723
0.01250408
0.01170071
0.005784556
0.01227779
0.01110349
0.007115828
0.01063252
0.008828216
0.01804145
0.01399697
0.01297758
0.01010929
0.01315552
0.01297972
0.0111214
0.01135977
0.01524993
0.01435029
0.0124024
0.01474013
0.01424535
0.01958936
0.0191955
0.01854632
0.01762199
0.02138562
0.02679767
0.02484021
)


65
(
0.001394844
0.00483217
0.04461738
0.1782294
0.04072164
0.001987293
0.01439318
0.01794711
0.004009053
0.0111636
0.006468014
0.003749303
0.005451231
0.001917201
0.07935763
0.1051001
0.1371703
0.01652901
0.003821609
0.0150424
0.00194907
0.00427535
0.009554948
0.006824038
0.00577768
0.003161721
0.001578721
0.002609841
0.007437981
0.00710211
0.006664493
0.004034501
0.01070935
0.004013632
0.00624908
0.009579185
0.008111304
0.01098919
0.007744249
0.001698878
0.003749031
0.003434393
0.003703448
0.008519551
0.003869153
0.0076959
0.008878111
0.005637223
0.008939424
0.007608762
0.00788706
0.009054632
0.005628606
0.008223615
0.008509782
0.009064442
0.01409655
0.008004138
0.01319692
0.01701853
0.01121324
0.02067276
0.01691693
0.01971562
0.02708814
)


65
(
0.001761733
0.004267057
0.004738031
0.006087805
0.0126223
0.003743346
0.009743633
0.01158149
0.005930744
0.01112367
0.008590242
0.007739499
0.009758705
0.1592328
0.1329263
0.008783724
0.002599499
0.03336669
0.03516011
0.002760828
0.009352069
0.01013484
0.004346945
0.006970885
0.002765756
0.005841583
0.001913719
0.01264601
0.04632191
0.126174
0.01478535
0.004471862
0.0215105
0.002902825
0.006049875
0.01384862
0.009733755
0.009618792
0.005126256
0.004016077
0.006144044
0.003408282
0.001920064
0.003882576
0.008287827
0.007453917
0.006015588
0.009089351
0.00515032
0.007776734
0.01187392
0.007890721
0.009165441
0.01112065
0.008402443
0.006322365
0.007845077
0.01622447
0.01279903
0.01208677
0.01717093
0.01132748
0.01725318
0.03369059
0.02244755
)


65
(
0.02163493
0.01983115
0.01654215
0.01071768
0.008019359
0.01620532
0.01446343
0.009713754
0.0159229
0.006785105
0.01103359
0.0158592
0.00899575
0.004493119
0.009526187
0.008519557
0.00715757
0.009018653
0.005186954
0.005784643
0.001808973
0.005592552
0.006085728
0.006330291
0.005826816
0.004060169
0.2319293
0.02302825
0.006688422
0.003695896
0.01862434
0.05313418
0.002577668
0.00677274
0.009328449
0.003484398
0.005561377
0.002269411
0.003109793
0.2319293
0.04174655
0.0163528
0.005348855
0.003163739
0.02068272
0.0107378
0.004241437
0.0149785
0.002300346
0.005028055
0.003478255
0.002487409
0.004089348
0.008012621
0.00943026
0.00782391
0.00640692
0.001567392
0.008304622
0.006735015
0.00524828
0.005325548
0.005989663
0.003993285
0.005455275
)


65
(
0.01732176
0.01957837
0.02138148
0.01789972
0.01371521
0.0119075
0.01798874
0.01406997
0.01425378
0.01029845
0.01261652
0.01356804
0.01065157
0.01958188
0.02212486
0.01246442
0.00863259
0.01886779
0.01588749
0.006161293
0.003710652
0.009671584
0.007160572
0.008814768
0.005563412
0.00500244
0.02385404
0.006527226
0.004324322
0.002234037
0.01379673
0.1341486
0.002628949
0.2159122
0.03197116
0.004798812
0.01049492
0.003751647
0.02054976
0.02302825
0.02646137
0.02069077
0.0107618
0.007113817
0.00467881
0.01461573
0.00831388
0.01137118
0.005281258
0.008124343
0.005239768
0.00535428
0.002761254
0.006407038
0.007032357
0.006247448
0.006448989
0.001858215
0.008461103
0.007722262
0.006417651
0.006792337
0.008155193
0.006784914
0.00873582
)


65
(
0.01219482
0.01619166
0.01990998
0.02045751
0.01879281
0.009797871
0.01943583
0.01823054
0.01340382
0.01512821
0.01500183
0.01423833
0.01449535
0.05094985
0.02728553
0.01241503
0.007139031
0.02948673
0.04989558
0.00584871
0.01350293
0.02118616
0.008260773
0.0132276
0.005884869
0.009224638
0.003885766
0.005206959
0.005979643
0.003606278
0.01206461
0.0181158
0.005534788
0.1278816
0.03843887
0.01024311
0.01894559
0.0106921
0.07527309
0.006688423
0.01284623
0.01274392
0.009157064
0.00756817
0.003026068
0.01228714
0.008924157
0.009457497
0.006601734
0.009192569
0.006792101
0.007544487
0.002690833
0.006928636
0.006434205
0.005464321
0.006507939
0.003165509
0.009923908
0.009197478
0.010107
0.008229504
0.01219279
0.01370229
0.01376714
)


65
(
0.008915994
0.01230894
0.01709304
0.02103626
0.01988037
0.006850791
0.01609676
0.01668955
0.009762652
0.01486053
0.01202538
0.01039124
0.01236576
0.2284183
0.01930306
0.005933162
0.003167239
0.01833399
0.07998773
0.00240148
0.01553952
0.01215726
0.003467225
0.006081514
0.002267217
0.003956886
0.001335499
0.002280496
0.003182657
0.002077421
0.005392409
0.005814113
0.003884232
0.03569936
0.02153651
0.007472963
0.0129015
0.01020928
0.2050327
0.003695896
0.007508852
0.008834293
0.007507299
0.006396189
0.001568492
0.008211283
0.006831392
0.005318222
0.005517729
0.006228158
0.004293976
0.005844457
0.00154057
0.004204529
0.004223993
0.003990767
0.005294727
0.002056023
0.006963915
0.007509203
0.006762705
0.007527374
0.009812973
0.01217847
0.01365596
)


65
(
0.01680477
0.02031155
0.02020361
0.01639371
0.01490888
0.01491172
0.0210885
0.01732008
0.01844047
0.01346738
0.01749347
0.02007668
0.01597795
0.01319272
0.0170834
0.01291778
0.008614634
0.02125549
0.01981358
0.007958216
0.007696226
0.01730725
0.01049438
0.01425781
0.008761279
0.01073084
0.01901038
0.01480447
0.01128839
0.006465405
0.02679302
0.05411834
0.007258987
0.03488705
0.03872468
0.01175746
0.02082341
0.009580206
0.02402619
0.01862434
0.02926506
0.01906279
0.01007027
0.008093359
0.009715742
0.02015572
0.0112706
0.02348028
0.007318076
0.01468579
0.01249494
0.009576004
0.005538572
0.01233591
0.01083737
0.007933298
0.007820973
0.00435971
0.01384025
0.01054241
0.01348028
0.008189534
0.01315061
0.01215801
0.01159213
)


65
(
0.01971376
0.02023475
0.01621199
0.0108302
0.009401621
0.01949277
0.01719696
0.01236737
0.02010504
0.009142025
0.01525889
0.02323923
0.01348853
0.004634233
0.009296496
0.009162938
0.007279768
0.010827
0.006831434
0.007083276
0.003015403
0.008653846
0.008240459
0.009190981
0.00825581
0.007026348
0.04030072
0.02743753
0.01314996
0.007968986
0.0274739
0.03826738
0.006125711
0.008847635
0.01666708
0.008070964
0.011823
0.005799596
0.007266776
0.0531342
0.04741789
0.01559527
0.006005094
0.004640558
0.1177447
0.0187503
0.007562544
0.05752041
0.004312318
0.01359029
0.0166875
0.006665889
0.009527548
0.01635229
0.01521817
0.009953289
0.007678426
0.003511221
0.01343809
0.009013577
0.01031366
0.006342392
0.009093936
0.006352703
0.006921224
)


65
(
0.007264797
0.01068204
0.01308551
0.01546859
0.02000962
0.007639441
0.01659319
0.01983173
0.01130438
0.02121307
0.01631179
0.01514964
0.02110383
0.01455174
0.005374637
0.004239258
0.002251083
0.01240452
0.1097845
0.002958942
0.2021016
0.03534409
0.005617603
0.01214576
0.004920365
0.04315094
0.00195265
0.004022175
0.005644013
0.004208565
0.007584356
0.005635037
0.007071906
0.008371802
0.01656879
0.01100081
0.01463306
0.01539469
0.03495456
0.002577668
0.006128727
0.006629378
0.005932845
0.006358925
0.001917275
0.00838088
0.007824883
0.006605345
0.007015702
0.00856413
0.007563528
0.009538707
0.002066371
0.006128095
0.004583339
0.003681748
0.005107117
0.008885794
0.009540644
0.009151924
0.01681417
0.008159473
0.01782451
0.05396279
0.02308975
)


65
(
0.01477361
0.01546566
0.0110139
0.007247272
0.007269384
0.02079638
0.01406618
0.01077872
0.02002344
0.008616024
0.01560384
0.03071419
0.01603737
0.002334036
0.005393495
0.006593291
0.005537236
0.00722756
0.004215834
0.006681157
0.002577326
0.007573474
0.007962464
0.008517844
0.009643621
0.008288952
0.01220459
0.01760471
0.01152573
0.008504597
0.01523722
0.01092209
0.006231341
0.002893368
0.008137137
0.006979525
0.008076092
0.005769596
0.00471709
0.006772742
0.01338664
0.004135182
0.002009841
0.002150437
0.2728102
0.008631127
0.004384037
0.05724042
0.002804914
0.01268284
0.07551794
0.008336936
0.04113448
0.0357995
0.02315044
0.01039251
0.006537871
0.007033953
0.01562348
0.007916714
0.01384586
0.004754402
0.00808576
0.00523842
0.004846847
)


65
(
0.01377564
0.01677915
0.01388824
0.01044383
0.01139988
0.01797527
0.01845088
0.01599212
0.02086864
0.01359901
0.0202318
0.03033859
0.0218835
0.004205592
0.007881015
0.008926788
0.00654503
0.01221257
0.009012446
0.008307896
0.006621023
0.0157724
0.0115114
0.01463171
0.01269987
0.01739091
0.009963249
0.01433578
0.01183574
0.008273579
0.01791083
0.01524403
0.007916609
0.006081774
0.01464991
0.01011511
0.0129816
0.008983051
0.009831042
0.009328448
0.02128233
0.01071833
0.006096884
0.006530688
0.02499304
0.01907587
0.0116934
0.04572681
0.008174013
0.0241513
0.04655665
0.01848604
0.02334778
0.03630371
0.01865561
0.009126531
0.007408622
0.02406685
0.02184379
0.01099046
0.03930321
0.006860992
0.01644485
0.01640692
0.009641932
)


65
(
0.008979524
0.0128314
0.01365481
0.01367733
0.01755439
0.01069259
0.01866096
0.02061661
0.01506127
0.02073576
0.02004836
0.02160676
0.02523155
0.008916491
0.008899874
0.008563953
0.0050036
0.01909476
0.03449721
0.006955502
0.04690616
0.04407774
0.01241503
0.0227461
0.0121114
0.05151502
0.003286772
0.006328535
0.007845871
0.005760227
0.01084886
0.008357885
0.008104767
0.008270771
0.01749846
0.01174808
0.01541211
0.01377008
0.022504
0.003484399
0.008565087
0.007856005
0.006322248
0.007087543
0.003595825
0.0114327
0.009990696
0.01144584
0.008523382
0.01317471
0.01440484
0.01398702
0.004802124
0.0131974
0.007514587
0.004934434
0.005931404
0.02658688
0.01517358
0.01089275
0.03873939
0.0081983
0.0236611
0.06185847
0.0209213
)


65
(
0.01135977
0.01524993
0.01435029
0.0124024
0.01474013
0.01424535
0.01958936
0.0191955
0.01854632
0.01762199
0.02138562
0.02679767
0.02484021
0.006329949
0.009200841
0.009749626
0.006353275
0.01683256
0.01753181
0.008500643
0.01593717
0.0278303
0.01341945
0.02028827
0.01385449
0.03031454
0.005784556
0.009709723
0.01009181
0.007154671
0.01487001
0.01224649
0.008425133
0.007825913
0.01760982
0.01161165
0.01531723
0.01166
0.01581735
0.005561379
0.01352334
0.009761061
0.006724125
0.007430584
0.007927785
0.01568265
0.01179671
0.02163121
0.009162992
0.01894724
0.02553175
0.01749386
0.01119613
0.02463579
0.01239281
0.006920046
0.006910251
0.03246404
0.02030956
0.01167331
0.0501924
0.007867195
0.02217799
0.0351146
0.01493088
)


65
(
0.005628606
0.008223615
0.008509782
0.009064442
0.01409655
0.008004138
0.01319692
0.01701853
0.01121324
0.02067276
0.01691693
0.01971562
0.02708814
0.001394844
0.002244774
0.003078755
0.002019864
0.005308234
0.007083421
0.003745689
0.1006588
0.02124094
0.007072856
0.01206409
0.009717203
0.1593348
0.001698878
0.00402876
0.005413174
0.004562328
0.005958273
0.003494691
0.006383439
0.002750082
0.007802003
0.008022842
0.008698489
0.01098919
0.01087341
0.001578721
0.004276414
0.004322029
0.004074759
0.005329972
0.00209926
0.007020486
0.007527232
0.006827554
0.007493563
0.009863979
0.01268114
0.01372853
0.001917201
0.005472421
0.002540423
0.001637512
0.00217199
0.1340495
0.006030985
0.004524437
0.02780064
0.003520415
0.01245742
0.1746972
0.013661
)


65
(
0.009165441
0.01112065
0.008402443
0.006322365
0.007845077
0.01622447
0.01279903
0.01208677
0.01717093
0.01132748
0.01725318
0.03369059
0.02244755
0.001761733
0.003962456
0.005488023
0.004413307
0.006535862
0.004184592
0.006776496
0.004153324
0.0105313
0.009272607
0.0108307
0.01295468
0.01682317
0.004016077
0.008589574
0.008302494
0.006921987
0.009016423
0.00529189
0.006216437
0.002132735
0.006441614
0.006802817
0.007200434
0.006850683
0.005126256
0.001913719
0.00579528
0.003586254
0.002605049
0.00358612
0.02125076
0.008178405
0.007094397
0.02079828
0.005878221
0.01691567
0.1568401
0.02066124
0.1592328
0.04032285
0.01310486
0.004433702
0.002983272
0.121821
0.01184651
0.004512958
0.03519969
0.002479335
0.007101503
0.007863028
0.003340568
)


65
(
0.004089348
0.008012621
0.00943026
0.00782391
0.00640692
0.001567392
0.008304622
0.006735015
0.00524828
0.005325548
0.005989663
0.003993285
0.005455275
0.02163493
0.01732176
0.01219482
0.008915993
0.01680478
0.01971375
0.007264796
0.0147736
0.01377564
0.008979522
0.01135976
0.00809112
0.01489384
0.2319293
0.02385404
0.003885765
0.001335499
0.01901038
0.04030071
0.001952649
0.01220459
0.00996325
0.003286772
0.005784554
0.002442137
0.006526123
0.2319293
0.02302825
0.006688422
0.003695896
0.01862434
0.05313418
0.002577668
0.00677274
0.009328449
0.003484398
0.005561377
0.002269411
0.003109793
0.004493119
0.006155217
0.003014535
0.001528754
0.00307428
0.009241107
0.006664616
0.005077089
0.009305517
0.004281058
0.007170838
0.01220741
0.007177673
)


65
(
0.007402704
0.01383429
0.01348311
0.009407724
0.007667938
0.003199845
0.01277783
0.009100471
0.009886552
0.006648555
0.009412349
0.006934426
0.007600718
0.01983115
0.01957837
0.01619166
0.01230894
0.02031156
0.02023475
0.01068204
0.01546566
0.01677916
0.0128314
0.01524993
0.01182145
0.01807105
0.05367234
0.1131019
0.01276782
0.00443355
0.04528009
0.03960356
0.005291482
0.01272468
0.01617524
0.008079947
0.01227779
0.005389233
0.009984071
0.04174656
0.02646137
0.01284623
0.007508852
0.02926506
0.04741788
0.006128727
0.01338664
0.02128234
0.008565087
0.01352334
0.006147346
0.009417329
0.005926966
0.009507219
0.005621627
0.002884813
0.005150631
0.010194
0.01093629
0.008018842
0.01202864
0.006296698
0.009991101
0.01353942
0.009121178
)


65
(
0.02235274
0.02855234
0.0213909
0.01095289
0.007432291
0.005873465
0.01638918
0.009061108
0.0141227
0.005693681
0.009467171
0.006422553
0.006055946
0.01654215
0.02138147
0.01990997
0.01709304
0.02020361
0.01621199
0.01308551
0.0110139
0.01388824
0.01365481
0.01435028
0.01223281
0.01365396
0.0131039
0.229048
0.05112324
0.01468722
0.05130686
0.0166244
0.007963578
0.005212407
0.01003204
0.009759553
0.01110348
0.004936939
0.005538456
0.0163528
0.02069077
0.01274391
0.008834291
0.01906279
0.01559527
0.006629376
0.004135181
0.01071833
0.007856002
0.009761058
0.006212915
0.005827661
0.003022062
0.005836573
0.00428991
0.003121454
0.006392477
0.006297119
0.009212179
0.008516538
0.008331083
0.007543683
0.008990857
0.01078203
0.009429132
)


65
(
0.1649887
0.04406095
0.01980262
0.006893497
0.004122985
0.01216542
0.01300714
0.005430921
0.01547697
0.003001915
0.006247912
0.00426571
0.003220328
0.01071768
0.01789972
0.02045751
0.02103626
0.01639372
0.0108302
0.01546859
0.007247273
0.01044384
0.01367733
0.0124024
0.01303014
0.01027384
0.001752414
0.03084807
0.1325658
0.1792952
0.01622105
0.003765768
0.01474143
0.001967941
0.004383265
0.009900453
0.007115828
0.005323708
0.003120104
0.005348856
0.0107618
0.009157065
0.0075073
0.01007027
0.006005094
0.005932846
0.002009841
0.006096886
0.006322248
0.006724125
0.005857467
0.004233204
0.001711495
0.003781391
0.003387143
0.00339567
0.007865519
0.0038907
0.007634001
0.008638018
0.005681817
0.008675585
0.007619351
0.007951857
0.009065208
)


65
(
0.1124216
0.03185693
0.008168503
0.002792873
0.002109624
0.2473663
0.009677296
0.003577033
0.04698782
0.001982251
0.007232701
0.01518673
0.003380375
0.00801936
0.01371521
0.0187928
0.01988036
0.01490888
0.009401619
0.02000962
0.007269383
0.01139989
0.01755439
0.01474013
0.02026379
0.01274825
0.001811181
0.008186973
0.03018301
0.04844653
0.01280155
0.004476349
0.02363931
0.003344322
0.006668624
0.01525556
0.01063252
0.01224685
0.006309184
0.00316374
0.007113817
0.007568169
0.006396188
0.008093361
0.004640557
0.006358924
0.002150437
0.00653069
0.007087543
0.007430583
0.007661835
0.005827443
0.001727307
0.00451745
0.006122491
0.01038011
0.01891454
0.003498464
0.01155485
0.01449676
0.005918377
0.01332812
0.009161781
0.007327815
0.01002478
)


65
(
0.002415021
0.005676498
0.006343117
0.005785845
0.006133202
0.001670827
0.007755111
0.007339908
0.005827535
0.006658858
0.007737705
0.006587274
0.008753057
0.01620533
0.01190751
0.009797874
0.006850793
0.01491173
0.01949277
0.007639443
0.02079639
0.01797528
0.0106926
0.01424535
0.01150595
0.02636477
0.02055408
0.005464557
0.004505243
0.002020564
0.01267152
0.02438018
0.003710504
0.01644335
0.013025
0.005813316
0.008828218
0.00556191
0.01346772
0.02068273
0.004678812
0.003026069
0.001568492
0.009715748
0.1177447
0.001917276
0.2728102
0.02499305
0.003595826
0.007927786
0.003017688
0.03453249
0.03095785
0.02011799
0.006610807
0.001925961
0.002957988
0.0226262
0.0107675
0.005498928
0.01840861
0.003762839
0.008821809
0.01479583
0.006611528
)


65
(
0.01467578
0.02704747
0.01672226
0.009190155
0.008065178
0.01244015
0.02098931
0.01202873
0.02969815
0.007966093
0.01788291
0.01852634
0.01191983
0.01446343
0.01798874
0.01943583
0.01609676
0.0210885
0.01719696
0.01659319
0.01406618
0.01845089
0.01866096
0.01958936
0.01897057
0.02079843
0.01063479
0.02555251
0.02896693
0.01460733
0.03690236
0.0190382
0.01382382
0.00982042
0.01631446
0.01636068
0.01804145
0.01106286
0.01211261
0.0107378
0.01461573
0.01228714
0.008211283
0.02015572
0.0187503
0.00838088
0.008631127
0.01907588
0.0114327
0.01568265
0.01009195
0.01328991
0.00587333
0.01277957
0.01230819
0.008291344
0.01188349
0.00890099
0.01948197
0.01523676
0.01333387
0.01076528
0.01374215
0.01307994
0.01138934
)


65
(
0.01976832
0.0319176
0.01307946
0.00617605
0.005851174
0.03899896
0.02037965
0.01047809
0.0571246
0.006719405
0.02254776
0.05097935
0.01500374
0.009713758
0.01406998
0.01823054
0.01668956
0.01732009
0.01236738
0.01983173
0.01077873
0.01599213
0.02061662
0.01919551
0.02446415
0.019641
0.003553333
0.01116406
0.02528628
0.01956348
0.01861789
0.00819995
0.01703334
0.005932453
0.01045786
0.01595393
0.01399697
0.01276229
0.009775332
0.004241439
0.008313883
0.00892416
0.006831394
0.01127061
0.007562546
0.007824886
0.004384038
0.01169341
0.009990699
0.01179671
0.0108204
0.0115284
0.003654582
0.01045749
0.02142414
0.02778485
0.02492426
0.005498928
0.02369962
0.0226262
0.009827796
0.0144592
0.01302832
0.009459957
0.01076841
)


65
(
0.004071711
0.009588769
0.008923593
0.007043267
0.00739253
0.003539461
0.0119841
0.009957332
0.01133938
0.008190563
0.01238873
0.01202513
0.01209284
0.0159229
0.01425378
0.01340381
0.00976265
0.01844047
0.02010503
0.01130438
0.02002344
0.02086864
0.01506127
0.01854632
0.01611903
0.02790276
0.01547967
0.009015763
0.008799227
0.004104876
0.01986316
0.02379382
0.006480408
0.0151637
0.0161756
0.009390177
0.01297758
0.008103506
0.01477019
0.0149785
0.01137117
0.009457495
0.005318221
0.02348028
0.0575204
0.006605344
0.05724041
0.04572681
0.01144584
0.02163121
0.009814608
0.03379719
0.01958804
0.02800635
0.01593871
0.004915112
0.006151986
0.01836373
0.02053744
0.01048073
0.02130885
0.006481497
0.01332319
0.01613343
0.009139261
)


65
(
0.006887389
0.01334006
0.004437911
0.002205019
0.002399408
0.1408406
0.009030548
0.004877406
0.04783622
0.003224287
0.013779
0.1759871
0.01037761
0.006385981
0.009692656
0.01423831
0.01398638
0.01267518
0.008604257
0.01996524
0.008109198
0.01279907
0.01951601
0.0165854
0.02796903
0.01732438
0.0018013
0.003923721
0.01143584
0.01132837
0.008834361
0.004548527
0.01373113
0.004113866
0.006937759
0.01168083
0.009514627
0.01209451
0.007876957
0.002165032
0.004970595
0.006213396
0.005193156
0.006887601
0.004058651
0.006603013
0.002639919
0.00769319
0.008022006
0.00862399
0.01013835
0.008990218
0.001757951
0.005451109
0.01382755
0.08609067
0.04468984
0.002852275
0.01654794
0.02131347
0.005509023
0.01452547
0.008847064
0.005527459
0.007825637
)


65
(
0.005226334
0.01343275
0.009134097
0.006236133
0.007132979
0.01068453
0.01600889
0.01196033
0.02615388
0.009183554
0.02136973
0.03522216
0.0194636
0.01103359
0.01261651
0.01500183
0.01202538
0.01749347
0.01525888
0.01631179
0.01560383
0.0202318
0.02004836
0.02138561
0.02431808
0.0280364
0.005461877
0.006725618
0.01119436
0.006784382
0.01562247
0.01162885
0.01000782
0.009011925
0.01250662
0.01197299
0.01315552
0.01093759
0.01263719
0.005028055
0.008124342
0.009192568
0.006228157
0.01468579
0.01359029
0.008564129
0.01268284
0.02415131
0.01317471
0.01894723
0.01417947
0.02748796
0.01234103
0.03235867
0.04926063
0.02186066
0.01622459
0.01068831
0.03730067
0.02149116
0.01776518
0.01086689
0.01594052
0.01220438
0.009875987
)


65
(
0.001825233
0.004901666
0.004802777
0.004382922
0.005648446
0.002364416
0.007797931
0.008061232
0.007706376
0.007819798
0.0106611
0.01310292
0.01411124
0.009759509
0.008349561
0.008762048
0.006394609
0.01235488
0.01430106
0.009322858
0.01890104
0.0186699
0.01329647
0.01649087
0.01744074
0.03369059
0.004496533
0.002766236
0.004225695
0.002376287
0.007736418
0.00935588
0.004640199
0.009288414
0.00926127
0.006370888
0.00798752
0.006977014
0.01187392
0.002140465
0.003224472
0.004179754
0.002642446
0.007689193
0.01026923
0.004654479
0.04647257
0.02865025
0.008864519
0.01571184
0.01121793
0.15684
0.1618637
0.09968116
0.02904758
0.003252177
0.002934582
0.01824045
0.01608781
0.005490506
0.0170169
0.002810419
0.007275448
0.008304891
0.00395401
)


65
(
0.00182406
0.005510924
0.003943755
0.003097862
0.004349362
0.01106846
0.008584247
0.008168617
0.01685297
0.007151397
0.017306
0.08962474
0.02307032
0.006542365
0.007746596
0.01054208
0.008993282
0.01162033
0.009809843
0.01534824
0.01166354
0.01591528
0.01835022
0.01806561
0.02831942
0.02652892
0.002204087
0.002448591
0.005507814
0.004103727
0.006750926
0.005346408
0.007467939
0.005463733
0.00727232
0.008145058
0.00808829
0.009466208
0.009325397
0.001809025
0.003894022
0.0054869
0.004250514
0.006964369
0.004847919
0.006937242
0.006063227
0.0134444
0.01017238
0.01272281
0.01435255
0.02441783
0.006024468
0.02726551
0.1749585
0.1659317
0.02051679
0.003327486
0.02307231
0.01501705
0.006328859
0.005890603
0.00627979
0.00371163
0.003523212
)


65
(
0.007417028
0.007812322
0.006088401
0.004375105
0.003848719
0.008828519
0.007040631
0.004873223
0.009013335
0.002956991
0.006269593
0.007348301
0.002509973
0.007417028
0.00607085
0.005324397
0.00397552
0.007482491
0.009119813
0.003585316
0.00903453
0.00810834
0.004635621
0.006307813
0.002220755
0.006108739
0.02163493
0.01732176
0.01219482
0.008915993
0.01680478
0.01971375
0.007264796
0.0147736
0.01377564
0.008979522
0.01135976
0.00809112
0.01489384
0.004089348
0.002761254
0.002690832
0.001540569
0.005538572
0.009527545
0.00206637
0.04113447
0.02334778
0.004802123
0.01119612
0.002755976
0.2587532
0.004493119
0.005926964
0.003022063
0.001711494
0.001727306
0.03095784
0.005873329
0.003654581
0.01958804
0.001867822
0.01234103
0.2630285
0.008283642
)


65
(
0.008712219
0.01025911
0.007692611
0.005473202
0.005374546
0.01276859
0.01054355
0.007738388
0.01422666
0.004768199
0.01125862
0.01355306
0.004987759
0.007812324
0.007376432
0.007452931
0.005540241
0.0100838
0.01062708
0.00586235
0.01067362
0.01205612
0.007981793
0.01046192
0.004108428
0.009180385
0.01983115
0.01957837
0.01619166
0.01230894
0.02031156
0.02023475
0.01068204
0.01546566
0.01677916
0.0128314
0.01524993
0.01182145
0.01807105
0.008012623
0.006407038
0.006928636
0.004204529
0.01233591
0.01635229
0.006128095
0.0357995
0.03630372
0.0131974
0.02463578
0.007866605
0.06552462
0.006155218
0.009507219
0.005836574
0.003781391
0.00451745
0.02011798
0.01277957
0.01045749
0.02800636
0.005791804
0.03235868
0.1619819
0.03749007
)


65
(
0.009680754
0.01157626
0.007101546
0.004404098
0.00424079
0.02436998
0.01114451
0.00724575
0.02263002
0.00401958
0.01508252
0.0352544
0.007016772
0.0060884
0.006997571
0.007905579
0.006629319
0.008810617
0.007520288
0.007113914
0.006071686
0.008201977
0.00807805
0.008638401
0.004586417
0.005122883
0.01654215
0.02138147
0.01990997
0.01709304
0.02020361
0.01621199
0.01308551
0.0110139
0.01388824
0.01365481
0.01435028
0.01223281
0.01365396
0.009430259
0.007032355
0.006434203
0.004223992
0.01083737
0.01521816
0.004583338
0.02315043
0.01865561
0.007514585
0.0123928
0.003651857
0.02129538
0.003014535
0.005621626
0.00428991
0.003387142
0.00612249
0.006610804
0.01230818
0.02142412
0.01593871
0.01469177
0.04926062
0.0472023
0.2405679
)


65
(
0.005825656
0.007521963
0.003921462
0.002241307
0.002239294
0.03490656
0.007347525
0.004566329
0.022699
0.002364687
0.01397163
0.1869446
0.008135094
0.004375106
0.006092193
0.007849094
0.007548291
0.007217437
0.005108903
0.008468619
0.003593177
0.005641439
0.007963479
0.007030972
0.005259238
0.00314981
0.01071768
0.01789972
0.02045751
0.02103626
0.01639372
0.0108302
0.01546859
0.007247273
0.01044384
0.01367733
0.0124024
0.01303014
0.01027384
0.007823912
0.006247448
0.005464321
0.003990767
0.007933301
0.009953289
0.003681748
0.01039251
0.009126534
0.004934435
0.006920046
0.002353924
0.007204765
0.001528755
0.002884813
0.003121456
0.00339567
0.01038011
0.001925961
0.008291345
0.02778484
0.004915113
0.09147136
0.02186067
0.005284789
0.2281562
)


65
(
0.002384309
0.004043233
0.002438633
0.001624284
0.002359601
0.01092213
0.006526016
0.008022822
0.01534998
0.004664495
0.02718054
0.2251488
0.1820752
0.003848719
0.006260546
0.01003975
0.01010801
0.008294123
0.004876116
0.01780965
0.003383599
0.006771397
0.01546009
0.01065443
0.01569421
0.003772207
0.00801936
0.01371521
0.0187928
0.01988036
0.01490888
0.009401619
0.02000962
0.007269383
0.01139989
0.01755439
0.01474013
0.02026379
0.01274825
0.006406921
0.006448988
0.006507938
0.005294727
0.007820975
0.007678425
0.005107116
0.00653787
0.007408623
0.005931404
0.006910249
0.003122235
0.004847815
0.003074281
0.005150631
0.006392478
0.007865518
0.01891454
0.002957986
0.01188348
0.02492425
0.006151987
0.04748296
0.01622459
0.004768696
0.02821058
)


65
(
0.005653206
0.006860975
0.006712295
0.006060395
0.006292417
0.005373968
0.00790844
0.006951605
0.006946375
0.005060676
0.006778052
0.004947703
0.003137851
0.008828523
0.005987628
0.005161119
0.003315059
0.00928345
0.01496529
0.003449797
0.03102545
0.01843911
0.005817725
0.01047065
0.002754769
0.03436527
0.01620533
0.01190751
0.009797874
0.006850793
0.01491173
0.01949277
0.007639443
0.02079639
0.01797528
0.0106926
0.01424535
0.01150595
0.02636477
0.001567392
0.001858216
0.00316551
0.002056024
0.004359713
0.003511222
0.008885797
0.007033955
0.02406686
0.02658689
0.03246405
0.1926962
0.1979591
0.009241111
0.010194
0.006297123
0.003890701
0.003498466
0.0226262
0.008900992
0.005498928
0.01836374
0.003030544
0.01068831
0.02964075
0.004575294
)


65
(
0.008302893
0.012318
0.009179011
0.00675441
0.008440513
0.01544282
0.01744516
0.0161939
0.02352177
0.01047824
0.02919855
0.03102676
0.01885033
0.007040632
0.008435304
0.0110173
0.008447882
0.01309714
0.01047176
0.01262924
0.00976598
0.01645009
0.01761277
0.01900817
0.01132786
0.01176209
0.01446343
0.01798874
0.01943583
0.01609676
0.0210885
0.01719696
0.01659319
0.01406618
0.01845089
0.01866096
0.01958936
0.01897057
0.02079843
0.008304624
0.008461103
0.009923908
0.006963915
0.01384025
0.01343809
0.009540644
0.01562348
0.0218438
0.01517358
0.02030956
0.008669542
0.01925057
0.006664617
0.01093629
0.009212181
0.007634
0.01155486
0.01076749
0.01948197
0.02369961
0.02053745
0.01758219
0.03730068
0.02614269
0.03172442
)


65
(
0.005510518
0.009516992
0.007422114
0.006046403
0.01085753
0.01231967
0.01834091
0.02776235
0.02315
0.02396456
0.04750928
0.04654435
0.06007948
0.004873225
0.007243587
0.01190994
0.009944942
0.01180876
0.007271005
0.02348713
0.005995925
0.01436015
0.03182086
0.02398879
0.03499178
0.009917651
0.009713758
0.01406998
0.01823054
0.01668956
0.01732009
0.01236738
0.01983173
0.01077873
0.01599213
0.02061662
0.01919551
0.02446415
0.019641
0.006735018
0.007722264
0.009197481
0.007509205
0.01054241
0.009013579
0.009151927
0.007916716
0.01099047
0.01089275
0.01167331
0.00650388
0.007333557
0.005077092
0.008018844
0.008516542
0.00863802
0.01449677
0.005498928
0.01523677
0.0226262
0.01048074
0.02264557
0.02149117
0.008922075
0.02064844
)


65
(
0.006735917
0.009050874
0.008484759
0.007410126
0.008708412
0.007467201
0.01203167
0.01141358
0.01087852
0.00846755
0.01257003
0.008738227
0.006580534
0.009013335
0.007726971
0.008181182
0.005282691
0.01331901
0.01589473
0.006915462
0.02400339
0.02742907
0.01270592
0.02079193
0.006967988
0.03213667
0.0159229
0.01425378
0.01340381
0.00976265
0.01844047
0.02010503
0.01130438
0.02002344
0.02086864
0.01506127
0.01854632
0.01611903
0.02790276
0.00524828
0.006417649
0.010107
0.006762704
0.01348028
0.01031365
0.01681417
0.01384586
0.03930322
0.03873939
0.05019239
0.03996342
0.05719948
0.009305517
0.01202864
0.008331084
0.005681816
0.005918377
0.0184086
0.01333386
0.009827791
0.02130885
0.005853336
0.01776518
0.02765246
0.008702179
)


65
(
0.00199335
0.003777857
0.003336364
0.003091578
0.007852145
0.003746811
0.009545384
0.02592938
0.009334267
0.06374831
0.03418651
0.02371798
0.2449626
0.00278305
0.004822299
0.009344924
0.00886787
0.007758745
0.004046388
0.03312765
0.003018504
0.007970104
0.0302017
0.01592898
0.1019252
0.004970003
0.006385981
0.009692656
0.01423831
0.01398638
0.01267518
0.008604257
0.01996524
0.008109198
0.01279907
0.01951601
0.0165854
0.02796903
0.01732438
0.00501228
0.006392786
0.007745414
0.007084586
0.007707798
0.005969309
0.007679503
0.004474731
0.006457405
0.007716046
0.007404417
0.004762914
0.003791924
0.004029231
0.005926303
0.007099938
0.008165254
0.01254411
0.003541494
0.01013203
0.01360865
0.006100233
0.01452547
0.01022766
0.004298288
0.007623132
)


65
(
0.005871029
0.00942352
0.00922846
0.008706873
0.01425609
0.00727575
0.01749781
0.0236489
0.01377434
0.02143638
0.02596134
0.01284961
0.02127887
0.006269593
0.007448178
0.01106603
0.007469675
0.01478709
0.01166266
0.0164905
0.01423809
0.03412538
0.03474263
0.04269189
0.03051208
0.03667487
0.01103359
0.01261651
0.01500183
0.01202538
0.01749347
0.01525888
0.01631179
0.01560383
0.0202318
0.02004836
0.02138561
0.02431808
0.0280364
0.005989663
0.008155191
0.01219279
0.009812971
0.01315061
0.009093934
0.01782451
0.008085759
0.01644485
0.0236611
0.02217798
0.01790754
0.01153994
0.007170838
0.009991099
0.008990858
0.007619349
0.009161781
0.008821805
0.01374215
0.01302831
0.01332319
0.009400005
0.01594052
0.0118226
0.00863471
)


65
(
0.004335494
0.006073938
0.007039018
0.007755739
0.01042594
0.003790088
0.009254524
0.0107382
0.006047054
0.009980732
0.008487386
0.004173443
0.005084503
0.004522032
0.003470144
0.00375115
0.002175674
0.007192116
0.01034285
0.003280588
0.03480658
0.03144792
0.008100989
0.01823695
0.005449107
0.2431835
0.009759509
0.008349561
0.008762048
0.006394609
0.01235488
0.01430106
0.009322858
0.01890104
0.0186699
0.01329647
0.01649087
0.01744074
0.03369059
0.002457407
0.004175331
0.008432175
0.007494442
0.007481852
0.003909355
0.03320787
0.003223643
0.01009657
0.03806675
0.02160898
0.1545398
0.007863027
0.007512254
0.008331951
0.0066351
0.00489345
0.004509425
0.009105123
0.008049194
0.00582151
0.009928269
0.003614108
0.007510388
0.008304891
0.00314061
)


65
(
0.003006971
0.005054579
0.00619094
0.007500848
0.01823265
0.002944526
0.01167958
0.02487076
0.006133993
0.05622234
0.01620611
0.004797407
0.037712
0.001825435
0.002489192
0.004639721
0.003274177
0.005574044
0.003703597
0.01647612
0.004950485
0.02127065
0.03661045
0.03649484
0.2369038
0.08763548
0.006542365
0.007746596
0.01054208
0.008993282
0.01162033
0.009809843
0.01534824
0.01166354
0.01591528
0.01835022
0.01806561
0.02831942
0.02652892
0.003967474
0.006353324
0.01001246
0.009931611
0.008430643
0.005033618
0.01679255
0.00352498
0.007012316
0.01521549
0.01085882
0.01428195
0.003947943
0.005220127
0.006633584
0.006857553
0.006592879
0.007290752
0.004808383
0.008283159
0.007831568
0.006646737
0.006047085
0.007182537
0.004672922
0.003523212
)

)


// ************************************************************************* //
