/*--------------------------------*- C++ -*----------------------------------*\
| =========                 |                                                 |
| \\      /  F ield         | OpenFOAM: The Open Source CFD Toolbox           |
|  \\    /   O peration     | Version:  2112                                  |
|   \\  /    A nd           | Website:  www.openfoam.com                      |
|    \\/     M anipulation  |                                                 |
\*---------------------------------------------------------------------------*/
FoamFile
{
    version     2.0;
    format      ascii;
    arch        "LSB;label=32;scalar=64";
    class       vectorField;
    location    "constant/cube/polyMesh";
    object      points;
}
// * * * * * * * * * * * * * * * * * * * * * * * * * * * * * * * * * * * * * //


4096
(
(1 0 0)
(1.066667 0 0)
(1.133333 0 0)
(1.2 0 0)
(1.266667 0 0)
(1.333333 0 0)
(1.4 0 0)
(1.466667 0 0)
(1.533333 0 0)
(1.6 0 0)
(1.666667 0 0)
(1.733333 0 0)
(1.8 0 0)
(1.866667 0 0)
(1.933333 0 0)
(2 0 0)
(1 0.06666667 0)
(1.066667 0.06666667 0)
(1.133333 0.06666667 0)
(1.2 0.06666667 0)
(1.266667 0.06666667 0)
(1.333333 0.06666667 0)
(1.4 0.06666667 0)
(1.466667 0.06666667 0)
(1.533333 0.06666667 0)
(1.6 0.06666667 0)
(1.666667 0.06666667 0)
(1.733333 0.06666667 0)
(1.8 0.06666667 0)
(1.866667 0.06666667 0)
(1.933333 0.06666667 0)
(2 0.06666667 0)
(1 0.1333333 0)
(1.066667 0.1333333 0)
(1.133333 0.1333333 0)
(1.2 0.1333333 0)
(1.266667 0.1333333 0)
(1.333333 0.1333333 0)
(1.4 0.1333333 0)
(1.466667 0.1333333 0)
(1.533333 0.1333333 0)
(1.6 0.1333333 0)
(1.666667 0.1333333 0)
(1.733333 0.1333333 0)
(1.8 0.1333333 0)
(1.866667 0.1333333 0)
(1.933333 0.1333333 0)
(2 0.1333333 0)
(1 0.2 0)
(1.066667 0.2 0)
(1.133333 0.2 0)
(1.2 0.2 0)
(1.266667 0.2 0)
(1.333333 0.2 0)
(1.4 0.2 0)
(1.466667 0.2 0)
(1.533333 0.2 0)
(1.6 0.2 0)
(1.666667 0.2 0)
(1.733333 0.2 0)
(1.8 0.2 0)
(1.866667 0.2 0)
(1.933333 0.2 0)
(2 0.2 0)
(1 0.2666667 0)
(1.066667 0.2666667 0)
(1.133333 0.2666667 0)
(1.2 0.2666667 0)
(1.266667 0.2666667 0)
(1.333333 0.2666667 0)
(1.4 0.2666667 0)
(1.466667 0.2666667 0)
(1.533333 0.2666667 0)
(1.6 0.2666667 0)
(1.666667 0.2666667 0)
(1.733333 0.2666667 0)
(1.8 0.2666667 0)
(1.866667 0.2666667 0)
(1.933333 0.2666667 0)
(2 0.2666667 0)
(1 0.3333333 0)
(1.066667 0.3333333 0)
(1.133333 0.3333333 0)
(1.2 0.3333333 0)
(1.266667 0.3333333 0)
(1.333333 0.3333333 0)
(1.4 0.3333333 0)
(1.466667 0.3333333 0)
(1.533333 0.3333333 0)
(1.6 0.3333333 0)
(1.666667 0.3333333 0)
(1.733333 0.3333333 0)
(1.8 0.3333333 0)
(1.866667 0.3333333 0)
(1.933333 0.3333333 0)
(2 0.3333333 0)
(1 0.4 0)
(1.066667 0.4 0)
(1.133333 0.4 0)
(1.2 0.4 0)
(1.266667 0.4 0)
(1.333333 0.4 0)
(1.4 0.4 0)
(1.466667 0.4 0)
(1.533333 0.4 0)
(1.6 0.4 0)
(1.666667 0.4 0)
(1.733333 0.4 0)
(1.8 0.4 0)
(1.866667 0.4 0)
(1.933333 0.4 0)
(2 0.4 0)
(1 0.4666667 0)
(1.066667 0.4666667 0)
(1.133333 0.4666667 0)
(1.2 0.4666667 0)
(1.266667 0.4666667 0)
(1.333333 0.4666667 0)
(1.4 0.4666667 0)
(1.466667 0.4666667 0)
(1.533333 0.4666667 0)
(1.6 0.4666667 0)
(1.666667 0.4666667 0)
(1.733333 0.4666667 0)
(1.8 0.4666667 0)
(1.866667 0.4666667 0)
(1.933333 0.4666667 0)
(2 0.4666667 0)
(1 0.5333333 0)
(1.066667 0.5333333 0)
(1.133333 0.5333333 0)
(1.2 0.5333333 0)
(1.266667 0.5333333 0)
(1.333333 0.5333333 0)
(1.4 0.5333333 0)
(1.466667 0.5333333 0)
(1.533333 0.5333333 0)
(1.6 0.5333333 0)
(1.666667 0.5333333 0)
(1.733333 0.5333333 0)
(1.8 0.5333333 0)
(1.866667 0.5333333 0)
(1.933333 0.5333333 0)
(2 0.5333333 0)
(1 0.6 0)
(1.066667 0.6 0)
(1.133333 0.6 0)
(1.2 0.6 0)
(1.266667 0.6 0)
(1.333333 0.6 0)
(1.4 0.6 0)
(1.466667 0.6 0)
(1.533333 0.6 0)
(1.6 0.6 0)
(1.666667 0.6 0)
(1.733333 0.6 0)
(1.8 0.6 0)
(1.866667 0.6 0)
(1.933333 0.6 0)
(2 0.6 0)
(1 0.6666667 0)
(1.066667 0.6666667 0)
(1.133333 0.6666667 0)
(1.2 0.6666667 0)
(1.266667 0.6666667 0)
(1.333333 0.6666667 0)
(1.4 0.6666667 0)
(1.466667 0.6666667 0)
(1.533333 0.6666667 0)
(1.6 0.6666667 0)
(1.666667 0.6666667 0)
(1.733333 0.6666667 0)
(1.8 0.6666667 0)
(1.866667 0.6666667 0)
(1.933333 0.6666667 0)
(2 0.6666667 0)
(1 0.7333333 0)
(1.066667 0.7333333 0)
(1.133333 0.7333333 0)
(1.2 0.7333333 0)
(1.266667 0.7333333 0)
(1.333333 0.7333333 0)
(1.4 0.7333333 0)
(1.466667 0.7333333 0)
(1.533333 0.7333333 0)
(1.6 0.7333333 0)
(1.666667 0.7333333 0)
(1.733333 0.7333333 0)
(1.8 0.7333333 0)
(1.866667 0.7333333 0)
(1.933333 0.7333333 0)
(2 0.7333333 0)
(1 0.8 0)
(1.066667 0.8 0)
(1.133333 0.8 0)
(1.2 0.8 0)
(1.266667 0.8 0)
(1.333333 0.8 0)
(1.4 0.8 0)
(1.466667 0.8 0)
(1.533333 0.8 0)
(1.6 0.8 0)
(1.666667 0.8 0)
(1.733333 0.8 0)
(1.8 0.8 0)
(1.866667 0.8 0)
(1.933333 0.8 0)
(2 0.8 0)
(1 0.8666667 0)
(1.066667 0.8666667 0)
(1.133333 0.8666667 0)
(1.2 0.8666667 0)
(1.266667 0.8666667 0)
(1.333333 0.8666667 0)
(1.4 0.8666667 0)
(1.466667 0.8666667 0)
(1.533333 0.8666667 0)
(1.6 0.8666667 0)
(1.666667 0.8666667 0)
(1.733333 0.8666667 0)
(1.8 0.8666667 0)
(1.866667 0.8666667 0)
(1.933333 0.8666667 0)
(2 0.8666667 0)
(1 0.9333333 0)
(1.066667 0.9333333 0)
(1.133333 0.9333333 0)
(1.2 0.9333333 0)
(1.266667 0.9333333 0)
(1.333333 0.9333333 0)
(1.4 0.9333333 0)
(1.466667 0.9333333 0)
(1.533333 0.9333333 0)
(1.6 0.9333333 0)
(1.666667 0.9333333 0)
(1.733333 0.9333333 0)
(1.8 0.9333333 0)
(1.866667 0.9333333 0)
(1.933333 0.9333333 0)
(2 0.9333333 0)
(1 1 0)
(1.066667 1 0)
(1.133333 1 0)
(1.2 1 0)
(1.266667 1 0)
(1.333333 1 0)
(1.4 1 0)
(1.466667 1 0)
(1.533333 1 0)
(1.6 1 0)
(1.666667 1 0)
(1.733333 1 0)
(1.8 1 0)
(1.866667 1 0)
(1.933333 1 0)
(2 1 0)
(1 0 0.06666667)
(1.066667 0 0.06666667)
(1.133333 0 0.06666667)
(1.2 0 0.06666667)
(1.266667 0 0.06666667)
(1.333333 0 0.06666667)
(1.4 0 0.06666667)
(1.466667 0 0.06666667)
(1.533333 0 0.06666667)
(1.6 0 0.06666667)
(1.666667 0 0.06666667)
(1.733333 0 0.06666667)
(1.8 0 0.06666667)
(1.866667 0 0.06666667)
(1.933333 0 0.06666667)
(2 0 0.06666667)
(1 0.06666667 0.06666667)
(1.066667 0.06666667 0.06666667)
(1.133333 0.06666667 0.06666667)
(1.2 0.06666667 0.06666667)
(1.266667 0.06666667 0.06666667)
(1.333333 0.06666667 0.06666667)
(1.4 0.06666667 0.06666667)
(1.466667 0.06666667 0.06666667)
(1.533333 0.06666667 0.06666667)
(1.6 0.06666667 0.06666667)
(1.666667 0.06666667 0.06666667)
(1.733333 0.06666667 0.06666667)
(1.8 0.06666667 0.06666667)
(1.866667 0.06666667 0.06666667)
(1.933333 0.06666667 0.06666667)
(2 0.06666667 0.06666667)
(1 0.1333333 0.06666667)
(1.066667 0.1333333 0.06666667)
(1.133333 0.1333333 0.06666667)
(1.2 0.1333333 0.06666667)
(1.266667 0.1333333 0.06666667)
(1.333333 0.1333333 0.06666667)
(1.4 0.1333333 0.06666667)
(1.466667 0.1333333 0.06666667)
(1.533333 0.1333333 0.06666667)
(1.6 0.1333333 0.06666667)
(1.666667 0.1333333 0.06666667)
(1.733333 0.1333333 0.06666667)
(1.8 0.1333333 0.06666667)
(1.866667 0.1333333 0.06666667)
(1.933333 0.1333333 0.06666667)
(2 0.1333333 0.06666667)
(1 0.2 0.06666667)
(1.066667 0.2 0.06666667)
(1.133333 0.2 0.06666667)
(1.2 0.2 0.06666667)
(1.266667 0.2 0.06666667)
(1.333333 0.2 0.06666667)
(1.4 0.2 0.06666667)
(1.466667 0.2 0.06666667)
(1.533333 0.2 0.06666667)
(1.6 0.2 0.06666667)
(1.666667 0.2 0.06666667)
(1.733333 0.2 0.06666667)
(1.8 0.2 0.06666667)
(1.866667 0.2 0.06666667)
(1.933333 0.2 0.06666667)
(2 0.2 0.06666667)
(1 0.2666667 0.06666667)
(1.066667 0.2666667 0.06666667)
(1.133333 0.2666667 0.06666667)
(1.2 0.2666667 0.06666667)
(1.266667 0.2666667 0.06666667)
(1.333333 0.2666667 0.06666667)
(1.4 0.2666667 0.06666667)
(1.466667 0.2666667 0.06666667)
(1.533333 0.2666667 0.06666667)
(1.6 0.2666667 0.06666667)
(1.666667 0.2666667 0.06666667)
(1.733333 0.2666667 0.06666667)
(1.8 0.2666667 0.06666667)
(1.866667 0.2666667 0.06666667)
(1.933333 0.2666667 0.06666667)
(2 0.2666667 0.06666667)
(1 0.3333333 0.06666667)
(1.066667 0.3333333 0.06666667)
(1.133333 0.3333333 0.06666667)
(1.2 0.3333333 0.06666667)
(1.266667 0.3333333 0.06666667)
(1.333333 0.3333333 0.06666667)
(1.4 0.3333333 0.06666667)
(1.466667 0.3333333 0.06666667)
(1.533333 0.3333333 0.06666667)
(1.6 0.3333333 0.06666667)
(1.666667 0.3333333 0.06666667)
(1.733333 0.3333333 0.06666667)
(1.8 0.3333333 0.06666667)
(1.866667 0.3333333 0.06666667)
(1.933333 0.3333333 0.06666667)
(2 0.3333333 0.06666667)
(1 0.4 0.06666667)
(1.066667 0.4 0.06666667)
(1.133333 0.4 0.06666667)
(1.2 0.4 0.06666667)
(1.266667 0.4 0.06666667)
(1.333333 0.4 0.06666667)
(1.4 0.4 0.06666667)
(1.466667 0.4 0.06666667)
(1.533333 0.4 0.06666667)
(1.6 0.4 0.06666667)
(1.666667 0.4 0.06666667)
(1.733333 0.4 0.06666667)
(1.8 0.4 0.06666667)
(1.866667 0.4 0.06666667)
(1.933333 0.4 0.06666667)
(2 0.4 0.06666667)
(1 0.4666667 0.06666667)
(1.066667 0.4666667 0.06666667)
(1.133333 0.4666667 0.06666667)
(1.2 0.4666667 0.06666667)
(1.266667 0.4666667 0.06666667)
(1.333333 0.4666667 0.06666667)
(1.4 0.4666667 0.06666667)
(1.466667 0.4666667 0.06666667)
(1.533333 0.4666667 0.06666667)
(1.6 0.4666667 0.06666667)
(1.666667 0.4666667 0.06666667)
(1.733333 0.4666667 0.06666667)
(1.8 0.4666667 0.06666667)
(1.866667 0.4666667 0.06666667)
(1.933333 0.4666667 0.06666667)
(2 0.4666667 0.06666667)
(1 0.5333333 0.06666667)
(1.066667 0.5333333 0.06666667)
(1.133333 0.5333333 0.06666667)
(1.2 0.5333333 0.06666667)
(1.266667 0.5333333 0.06666667)
(1.333333 0.5333333 0.06666667)
(1.4 0.5333333 0.06666667)
(1.466667 0.5333333 0.06666667)
(1.533333 0.5333333 0.06666667)
(1.6 0.5333333 0.06666667)
(1.666667 0.5333333 0.06666667)
(1.733333 0.5333333 0.06666667)
(1.8 0.5333333 0.06666667)
(1.866667 0.5333333 0.06666667)
(1.933333 0.5333333 0.06666667)
(2 0.5333333 0.06666667)
(1 0.6 0.06666667)
(1.066667 0.6 0.06666667)
(1.133333 0.6 0.06666667)
(1.2 0.6 0.06666667)
(1.266667 0.6 0.06666667)
(1.333333 0.6 0.06666667)
(1.4 0.6 0.06666667)
(1.466667 0.6 0.06666667)
(1.533333 0.6 0.06666667)
(1.6 0.6 0.06666667)
(1.666667 0.6 0.06666667)
(1.733333 0.6 0.06666667)
(1.8 0.6 0.06666667)
(1.866667 0.6 0.06666667)
(1.933333 0.6 0.06666667)
(2 0.6 0.06666667)
(1 0.6666667 0.06666667)
(1.066667 0.6666667 0.06666667)
(1.133333 0.6666667 0.06666667)
(1.2 0.6666667 0.06666667)
(1.266667 0.6666667 0.06666667)
(1.333333 0.6666667 0.06666667)
(1.4 0.6666667 0.06666667)
(1.466667 0.6666667 0.06666667)
(1.533333 0.6666667 0.06666667)
(1.6 0.6666667 0.06666667)
(1.666667 0.6666667 0.06666667)
(1.733333 0.6666667 0.06666667)
(1.8 0.6666667 0.06666667)
(1.866667 0.6666667 0.06666667)
(1.933333 0.6666667 0.06666667)
(2 0.6666667 0.06666667)
(1 0.7333333 0.06666667)
(1.066667 0.7333333 0.06666667)
(1.133333 0.7333333 0.06666667)
(1.2 0.7333333 0.06666667)
(1.266667 0.7333333 0.06666667)
(1.333333 0.7333333 0.06666667)
(1.4 0.7333333 0.06666667)
(1.466667 0.7333333 0.06666667)
(1.533333 0.7333333 0.06666667)
(1.6 0.7333333 0.06666667)
(1.666667 0.7333333 0.06666667)
(1.733333 0.7333333 0.06666667)
(1.8 0.7333333 0.06666667)
(1.866667 0.7333333 0.06666667)
(1.933333 0.7333333 0.06666667)
(2 0.7333333 0.06666667)
(1 0.8 0.06666667)
(1.066667 0.8 0.06666667)
(1.133333 0.8 0.06666667)
(1.2 0.8 0.06666667)
(1.266667 0.8 0.06666667)
(1.333333 0.8 0.06666667)
(1.4 0.8 0.06666667)
(1.466667 0.8 0.06666667)
(1.533333 0.8 0.06666667)
(1.6 0.8 0.06666667)
(1.666667 0.8 0.06666667)
(1.733333 0.8 0.06666667)
(1.8 0.8 0.06666667)
(1.866667 0.8 0.06666667)
(1.933333 0.8 0.06666667)
(2 0.8 0.06666667)
(1 0.8666667 0.06666667)
(1.066667 0.8666667 0.06666667)
(1.133333 0.8666667 0.06666667)
(1.2 0.8666667 0.06666667)
(1.266667 0.8666667 0.06666667)
(1.333333 0.8666667 0.06666667)
(1.4 0.8666667 0.06666667)
(1.466667 0.8666667 0.06666667)
(1.533333 0.8666667 0.06666667)
(1.6 0.8666667 0.06666667)
(1.666667 0.8666667 0.06666667)
(1.733333 0.8666667 0.06666667)
(1.8 0.8666667 0.06666667)
(1.866667 0.8666667 0.06666667)
(1.933333 0.8666667 0.06666667)
(2 0.8666667 0.06666667)
(1 0.9333333 0.06666667)
(1.066667 0.9333333 0.06666667)
(1.133333 0.9333333 0.06666667)
(1.2 0.9333333 0.06666667)
(1.266667 0.9333333 0.06666667)
(1.333333 0.9333333 0.06666667)
(1.4 0.9333333 0.06666667)
(1.466667 0.9333333 0.06666667)
(1.533333 0.9333333 0.06666667)
(1.6 0.9333333 0.06666667)
(1.666667 0.9333333 0.06666667)
(1.733333 0.9333333 0.06666667)
(1.8 0.9333333 0.06666667)
(1.866667 0.9333333 0.06666667)
(1.933333 0.9333333 0.06666667)
(2 0.9333333 0.06666667)
(1 1 0.06666667)
(1.066667 1 0.06666667)
(1.133333 1 0.06666667)
(1.2 1 0.06666667)
(1.266667 1 0.06666667)
(1.333333 1 0.06666667)
(1.4 1 0.06666667)
(1.466667 1 0.06666667)
(1.533333 1 0.06666667)
(1.6 1 0.06666667)
(1.666667 1 0.06666667)
(1.733333 1 0.06666667)
(1.8 1 0.06666667)
(1.866667 1 0.06666667)
(1.933333 1 0.06666667)
(2 1 0.06666667)
(1 0 0.1333333)
(1.066667 0 0.1333333)
(1.133333 0 0.1333333)
(1.2 0 0.1333333)
(1.266667 0 0.1333333)
(1.333333 0 0.1333333)
(1.4 0 0.1333333)
(1.466667 0 0.1333333)
(1.533333 0 0.1333333)
(1.6 0 0.1333333)
(1.666667 0 0.1333333)
(1.733333 0 0.1333333)
(1.8 0 0.1333333)
(1.866667 0 0.1333333)
(1.933333 0 0.1333333)
(2 0 0.1333333)
(1 0.06666667 0.1333333)
(1.066667 0.06666667 0.1333333)
(1.133333 0.06666667 0.1333333)
(1.2 0.06666667 0.1333333)
(1.266667 0.06666667 0.1333333)
(1.333333 0.06666667 0.1333333)
(1.4 0.06666667 0.1333333)
(1.466667 0.06666667 0.1333333)
(1.533333 0.06666667 0.1333333)
(1.6 0.06666667 0.1333333)
(1.666667 0.06666667 0.1333333)
(1.733333 0.06666667 0.1333333)
(1.8 0.06666667 0.1333333)
(1.866667 0.06666667 0.1333333)
(1.933333 0.06666667 0.1333333)
(2 0.06666667 0.1333333)
(1 0.1333333 0.1333333)
(1.066667 0.1333333 0.1333333)
(1.133333 0.1333333 0.1333333)
(1.2 0.1333333 0.1333333)
(1.266667 0.1333333 0.1333333)
(1.333333 0.1333333 0.1333333)
(1.4 0.1333333 0.1333333)
(1.466667 0.1333333 0.1333333)
(1.533333 0.1333333 0.1333333)
(1.6 0.1333333 0.1333333)
(1.666667 0.1333333 0.1333333)
(1.733333 0.1333333 0.1333333)
(1.8 0.1333333 0.1333333)
(1.866667 0.1333333 0.1333333)
(1.933333 0.1333333 0.1333333)
(2 0.1333333 0.1333333)
(1 0.2 0.1333333)
(1.066667 0.2 0.1333333)
(1.133333 0.2 0.1333333)
(1.2 0.2 0.1333333)
(1.266667 0.2 0.1333333)
(1.333333 0.2 0.1333333)
(1.4 0.2 0.1333333)
(1.466667 0.2 0.1333333)
(1.533333 0.2 0.1333333)
(1.6 0.2 0.1333333)
(1.666667 0.2 0.1333333)
(1.733333 0.2 0.1333333)
(1.8 0.2 0.1333333)
(1.866667 0.2 0.1333333)
(1.933333 0.2 0.1333333)
(2 0.2 0.1333333)
(1 0.2666667 0.1333333)
(1.066667 0.2666667 0.1333333)
(1.133333 0.2666667 0.1333333)
(1.2 0.2666667 0.1333333)
(1.266667 0.2666667 0.1333333)
(1.333333 0.2666667 0.1333333)
(1.4 0.2666667 0.1333333)
(1.466667 0.2666667 0.1333333)
(1.533333 0.2666667 0.1333333)
(1.6 0.2666667 0.1333333)
(1.666667 0.2666667 0.1333333)
(1.733333 0.2666667 0.1333333)
(1.8 0.2666667 0.1333333)
(1.866667 0.2666667 0.1333333)
(1.933333 0.2666667 0.1333333)
(2 0.2666667 0.1333333)
(1 0.3333333 0.1333333)
(1.066667 0.3333333 0.1333333)
(1.133333 0.3333333 0.1333333)
(1.2 0.3333333 0.1333333)
(1.266667 0.3333333 0.1333333)
(1.333333 0.3333333 0.1333333)
(1.4 0.3333333 0.1333333)
(1.466667 0.3333333 0.1333333)
(1.533333 0.3333333 0.1333333)
(1.6 0.3333333 0.1333333)
(1.666667 0.3333333 0.1333333)
(1.733333 0.3333333 0.1333333)
(1.8 0.3333333 0.1333333)
(1.866667 0.3333333 0.1333333)
(1.933333 0.3333333 0.1333333)
(2 0.3333333 0.1333333)
(1 0.4 0.1333333)
(1.066667 0.4 0.1333333)
(1.133333 0.4 0.1333333)
(1.2 0.4 0.1333333)
(1.266667 0.4 0.1333333)
(1.333333 0.4 0.1333333)
(1.4 0.4 0.1333333)
(1.466667 0.4 0.1333333)
(1.533333 0.4 0.1333333)
(1.6 0.4 0.1333333)
(1.666667 0.4 0.1333333)
(1.733333 0.4 0.1333333)
(1.8 0.4 0.1333333)
(1.866667 0.4 0.1333333)
(1.933333 0.4 0.1333333)
(2 0.4 0.1333333)
(1 0.4666667 0.1333333)
(1.066667 0.4666667 0.1333333)
(1.133333 0.4666667 0.1333333)
(1.2 0.4666667 0.1333333)
(1.266667 0.4666667 0.1333333)
(1.333333 0.4666667 0.1333333)
(1.4 0.4666667 0.1333333)
(1.466667 0.4666667 0.1333333)
(1.533333 0.4666667 0.1333333)
(1.6 0.4666667 0.1333333)
(1.666667 0.4666667 0.1333333)
(1.733333 0.4666667 0.1333333)
(1.8 0.4666667 0.1333333)
(1.866667 0.4666667 0.1333333)
(1.933333 0.4666667 0.1333333)
(2 0.4666667 0.1333333)
(1 0.5333333 0.1333333)
(1.066667 0.5333333 0.1333333)
(1.133333 0.5333333 0.1333333)
(1.2 0.5333333 0.1333333)
(1.266667 0.5333333 0.1333333)
(1.333333 0.5333333 0.1333333)
(1.4 0.5333333 0.1333333)
(1.466667 0.5333333 0.1333333)
(1.533333 0.5333333 0.1333333)
(1.6 0.5333333 0.1333333)
(1.666667 0.5333333 0.1333333)
(1.733333 0.5333333 0.1333333)
(1.8 0.5333333 0.1333333)
(1.866667 0.5333333 0.1333333)
(1.933333 0.5333333 0.1333333)
(2 0.5333333 0.1333333)
(1 0.6 0.1333333)
(1.066667 0.6 0.1333333)
(1.133333 0.6 0.1333333)
(1.2 0.6 0.1333333)
(1.266667 0.6 0.1333333)
(1.333333 0.6 0.1333333)
(1.4 0.6 0.1333333)
(1.466667 0.6 0.1333333)
(1.533333 0.6 0.1333333)
(1.6 0.6 0.1333333)
(1.666667 0.6 0.1333333)
(1.733333 0.6 0.1333333)
(1.8 0.6 0.1333333)
(1.866667 0.6 0.1333333)
(1.933333 0.6 0.1333333)
(2 0.6 0.1333333)
(1 0.6666667 0.1333333)
(1.066667 0.6666667 0.1333333)
(1.133333 0.6666667 0.1333333)
(1.2 0.6666667 0.1333333)
(1.266667 0.6666667 0.1333333)
(1.333333 0.6666667 0.1333333)
(1.4 0.6666667 0.1333333)
(1.466667 0.6666667 0.1333333)
(1.533333 0.6666667 0.1333333)
(1.6 0.6666667 0.1333333)
(1.666667 0.6666667 0.1333333)
(1.733333 0.6666667 0.1333333)
(1.8 0.6666667 0.1333333)
(1.866667 0.6666667 0.1333333)
(1.933333 0.6666667 0.1333333)
(2 0.6666667 0.1333333)
(1 0.7333333 0.1333333)
(1.066667 0.7333333 0.1333333)
(1.133333 0.7333333 0.1333333)
(1.2 0.7333333 0.1333333)
(1.266667 0.7333333 0.1333333)
(1.333333 0.7333333 0.1333333)
(1.4 0.7333333 0.1333333)
(1.466667 0.7333333 0.1333333)
(1.533333 0.7333333 0.1333333)
(1.6 0.7333333 0.1333333)
(1.666667 0.7333333 0.1333333)
(1.733333 0.7333333 0.1333333)
(1.8 0.7333333 0.1333333)
(1.866667 0.7333333 0.1333333)
(1.933333 0.7333333 0.1333333)
(2 0.7333333 0.1333333)
(1 0.8 0.1333333)
(1.066667 0.8 0.1333333)
(1.133333 0.8 0.1333333)
(1.2 0.8 0.1333333)
(1.266667 0.8 0.1333333)
(1.333333 0.8 0.1333333)
(1.4 0.8 0.1333333)
(1.466667 0.8 0.1333333)
(1.533333 0.8 0.1333333)
(1.6 0.8 0.1333333)
(1.666667 0.8 0.1333333)
(1.733333 0.8 0.1333333)
(1.8 0.8 0.1333333)
(1.866667 0.8 0.1333333)
(1.933333 0.8 0.1333333)
(2 0.8 0.1333333)
(1 0.8666667 0.1333333)
(1.066667 0.8666667 0.1333333)
(1.133333 0.8666667 0.1333333)
(1.2 0.8666667 0.1333333)
(1.266667 0.8666667 0.1333333)
(1.333333 0.8666667 0.1333333)
(1.4 0.8666667 0.1333333)
(1.466667 0.8666667 0.1333333)
(1.533333 0.8666667 0.1333333)
(1.6 0.8666667 0.1333333)
(1.666667 0.8666667 0.1333333)
(1.733333 0.8666667 0.1333333)
(1.8 0.8666667 0.1333333)
(1.866667 0.8666667 0.1333333)
(1.933333 0.8666667 0.1333333)
(2 0.8666667 0.1333333)
(1 0.9333333 0.1333333)
(1.066667 0.9333333 0.1333333)
(1.133333 0.9333333 0.1333333)
(1.2 0.9333333 0.1333333)
(1.266667 0.9333333 0.1333333)
(1.333333 0.9333333 0.1333333)
(1.4 0.9333333 0.1333333)
(1.466667 0.9333333 0.1333333)
(1.533333 0.9333333 0.1333333)
(1.6 0.9333333 0.1333333)
(1.666667 0.9333333 0.1333333)
(1.733333 0.9333333 0.1333333)
(1.8 0.9333333 0.1333333)
(1.866667 0.9333333 0.1333333)
(1.933333 0.9333333 0.1333333)
(2 0.9333333 0.1333333)
(1 1 0.1333333)
(1.066667 1 0.1333333)
(1.133333 1 0.1333333)
(1.2 1 0.1333333)
(1.266667 1 0.1333333)
(1.333333 1 0.1333333)
(1.4 1 0.1333333)
(1.466667 1 0.1333333)
(1.533333 1 0.1333333)
(1.6 1 0.1333333)
(1.666667 1 0.1333333)
(1.733333 1 0.1333333)
(1.8 1 0.1333333)
(1.866667 1 0.1333333)
(1.933333 1 0.1333333)
(2 1 0.1333333)
(1 0 0.2)
(1.066667 0 0.2)
(1.133333 0 0.2)
(1.2 0 0.2)
(1.266667 0 0.2)
(1.333333 0 0.2)
(1.4 0 0.2)
(1.466667 0 0.2)
(1.533333 0 0.2)
(1.6 0 0.2)
(1.666667 0 0.2)
(1.733333 0 0.2)
(1.8 0 0.2)
(1.866667 0 0.2)
(1.933333 0 0.2)
(2 0 0.2)
(1 0.06666667 0.2)
(1.066667 0.06666667 0.2)
(1.133333 0.06666667 0.2)
(1.2 0.06666667 0.2)
(1.266667 0.06666667 0.2)
(1.333333 0.06666667 0.2)
(1.4 0.06666667 0.2)
(1.466667 0.06666667 0.2)
(1.533333 0.06666667 0.2)
(1.6 0.06666667 0.2)
(1.666667 0.06666667 0.2)
(1.733333 0.06666667 0.2)
(1.8 0.06666667 0.2)
(1.866667 0.06666667 0.2)
(1.933333 0.06666667 0.2)
(2 0.06666667 0.2)
(1 0.1333333 0.2)
(1.066667 0.1333333 0.2)
(1.133333 0.1333333 0.2)
(1.2 0.1333333 0.2)
(1.266667 0.1333333 0.2)
(1.333333 0.1333333 0.2)
(1.4 0.1333333 0.2)
(1.466667 0.1333333 0.2)
(1.533333 0.1333333 0.2)
(1.6 0.1333333 0.2)
(1.666667 0.1333333 0.2)
(1.733333 0.1333333 0.2)
(1.8 0.1333333 0.2)
(1.866667 0.1333333 0.2)
(1.933333 0.1333333 0.2)
(2 0.1333333 0.2)
(1 0.2 0.2)
(1.066667 0.2 0.2)
(1.133333 0.2 0.2)
(1.2 0.2 0.2)
(1.266667 0.2 0.2)
(1.333333 0.2 0.2)
(1.4 0.2 0.2)
(1.466667 0.2 0.2)
(1.533333 0.2 0.2)
(1.6 0.2 0.2)
(1.666667 0.2 0.2)
(1.733333 0.2 0.2)
(1.8 0.2 0.2)
(1.866667 0.2 0.2)
(1.933333 0.2 0.2)
(2 0.2 0.2)
(1 0.2666667 0.2)
(1.066667 0.2666667 0.2)
(1.133333 0.2666667 0.2)
(1.2 0.2666667 0.2)
(1.266667 0.2666667 0.2)
(1.333333 0.2666667 0.2)
(1.4 0.2666667 0.2)
(1.466667 0.2666667 0.2)
(1.533333 0.2666667 0.2)
(1.6 0.2666667 0.2)
(1.666667 0.2666667 0.2)
(1.733333 0.2666667 0.2)
(1.8 0.2666667 0.2)
(1.866667 0.2666667 0.2)
(1.933333 0.2666667 0.2)
(2 0.2666667 0.2)
(1 0.3333333 0.2)
(1.066667 0.3333333 0.2)
(1.133333 0.3333333 0.2)
(1.2 0.3333333 0.2)
(1.266667 0.3333333 0.2)
(1.333333 0.3333333 0.2)
(1.4 0.3333333 0.2)
(1.466667 0.3333333 0.2)
(1.533333 0.3333333 0.2)
(1.6 0.3333333 0.2)
(1.666667 0.3333333 0.2)
(1.733333 0.3333333 0.2)
(1.8 0.3333333 0.2)
(1.866667 0.3333333 0.2)
(1.933333 0.3333333 0.2)
(2 0.3333333 0.2)
(1 0.4 0.2)
(1.066667 0.4 0.2)
(1.133333 0.4 0.2)
(1.2 0.4 0.2)
(1.266667 0.4 0.2)
(1.333333 0.4 0.2)
(1.4 0.4 0.2)
(1.466667 0.4 0.2)
(1.533333 0.4 0.2)
(1.6 0.4 0.2)
(1.666667 0.4 0.2)
(1.733333 0.4 0.2)
(1.8 0.4 0.2)
(1.866667 0.4 0.2)
(1.933333 0.4 0.2)
(2 0.4 0.2)
(1 0.4666667 0.2)
(1.066667 0.4666667 0.2)
(1.133333 0.4666667 0.2)
(1.2 0.4666667 0.2)
(1.266667 0.4666667 0.2)
(1.333333 0.4666667 0.2)
(1.4 0.4666667 0.2)
(1.466667 0.4666667 0.2)
(1.533333 0.4666667 0.2)
(1.6 0.4666667 0.2)
(1.666667 0.4666667 0.2)
(1.733333 0.4666667 0.2)
(1.8 0.4666667 0.2)
(1.866667 0.4666667 0.2)
(1.933333 0.4666667 0.2)
(2 0.4666667 0.2)
(1 0.5333333 0.2)
(1.066667 0.5333333 0.2)
(1.133333 0.5333333 0.2)
(1.2 0.5333333 0.2)
(1.266667 0.5333333 0.2)
(1.333333 0.5333333 0.2)
(1.4 0.5333333 0.2)
(1.466667 0.5333333 0.2)
(1.533333 0.5333333 0.2)
(1.6 0.5333333 0.2)
(1.666667 0.5333333 0.2)
(1.733333 0.5333333 0.2)
(1.8 0.5333333 0.2)
(1.866667 0.5333333 0.2)
(1.933333 0.5333333 0.2)
(2 0.5333333 0.2)
(1 0.6 0.2)
(1.066667 0.6 0.2)
(1.133333 0.6 0.2)
(1.2 0.6 0.2)
(1.266667 0.6 0.2)
(1.333333 0.6 0.2)
(1.4 0.6 0.2)
(1.466667 0.6 0.2)
(1.533333 0.6 0.2)
(1.6 0.6 0.2)
(1.666667 0.6 0.2)
(1.733333 0.6 0.2)
(1.8 0.6 0.2)
(1.866667 0.6 0.2)
(1.933333 0.6 0.2)
(2 0.6 0.2)
(1 0.6666667 0.2)
(1.066667 0.6666667 0.2)
(1.133333 0.6666667 0.2)
(1.2 0.6666667 0.2)
(1.266667 0.6666667 0.2)
(1.333333 0.6666667 0.2)
(1.4 0.6666667 0.2)
(1.466667 0.6666667 0.2)
(1.533333 0.6666667 0.2)
(1.6 0.6666667 0.2)
(1.666667 0.6666667 0.2)
(1.733333 0.6666667 0.2)
(1.8 0.6666667 0.2)
(1.866667 0.6666667 0.2)
(1.933333 0.6666667 0.2)
(2 0.6666667 0.2)
(1 0.7333333 0.2)
(1.066667 0.7333333 0.2)
(1.133333 0.7333333 0.2)
(1.2 0.7333333 0.2)
(1.266667 0.7333333 0.2)
(1.333333 0.7333333 0.2)
(1.4 0.7333333 0.2)
(1.466667 0.7333333 0.2)
(1.533333 0.7333333 0.2)
(1.6 0.7333333 0.2)
(1.666667 0.7333333 0.2)
(1.733333 0.7333333 0.2)
(1.8 0.7333333 0.2)
(1.866667 0.7333333 0.2)
(1.933333 0.7333333 0.2)
(2 0.7333333 0.2)
(1 0.8 0.2)
(1.066667 0.8 0.2)
(1.133333 0.8 0.2)
(1.2 0.8 0.2)
(1.266667 0.8 0.2)
(1.333333 0.8 0.2)
(1.4 0.8 0.2)
(1.466667 0.8 0.2)
(1.533333 0.8 0.2)
(1.6 0.8 0.2)
(1.666667 0.8 0.2)
(1.733333 0.8 0.2)
(1.8 0.8 0.2)
(1.866667 0.8 0.2)
(1.933333 0.8 0.2)
(2 0.8 0.2)
(1 0.8666667 0.2)
(1.066667 0.8666667 0.2)
(1.133333 0.8666667 0.2)
(1.2 0.8666667 0.2)
(1.266667 0.8666667 0.2)
(1.333333 0.8666667 0.2)
(1.4 0.8666667 0.2)
(1.466667 0.8666667 0.2)
(1.533333 0.8666667 0.2)
(1.6 0.8666667 0.2)
(1.666667 0.8666667 0.2)
(1.733333 0.8666667 0.2)
(1.8 0.8666667 0.2)
(1.866667 0.8666667 0.2)
(1.933333 0.8666667 0.2)
(2 0.8666667 0.2)
(1 0.9333333 0.2)
(1.066667 0.9333333 0.2)
(1.133333 0.9333333 0.2)
(1.2 0.9333333 0.2)
(1.266667 0.9333333 0.2)
(1.333333 0.9333333 0.2)
(1.4 0.9333333 0.2)
(1.466667 0.9333333 0.2)
(1.533333 0.9333333 0.2)
(1.6 0.9333333 0.2)
(1.666667 0.9333333 0.2)
(1.733333 0.9333333 0.2)
(1.8 0.9333333 0.2)
(1.866667 0.9333333 0.2)
(1.933333 0.9333333 0.2)
(2 0.9333333 0.2)
(1 1 0.2)
(1.066667 1 0.2)
(1.133333 1 0.2)
(1.2 1 0.2)
(1.266667 1 0.2)
(1.333333 1 0.2)
(1.4 1 0.2)
(1.466667 1 0.2)
(1.533333 1 0.2)
(1.6 1 0.2)
(1.666667 1 0.2)
(1.733333 1 0.2)
(1.8 1 0.2)
(1.866667 1 0.2)
(1.933333 1 0.2)
(2 1 0.2)
(1 0 0.2666667)
(1.066667 0 0.2666667)
(1.133333 0 0.2666667)
(1.2 0 0.2666667)
(1.266667 0 0.2666667)
(1.333333 0 0.2666667)
(1.4 0 0.2666667)
(1.466667 0 0.2666667)
(1.533333 0 0.2666667)
(1.6 0 0.2666667)
(1.666667 0 0.2666667)
(1.733333 0 0.2666667)
(1.8 0 0.2666667)
(1.866667 0 0.2666667)
(1.933333 0 0.2666667)
(2 0 0.2666667)
(1 0.06666667 0.2666667)
(1.066667 0.06666667 0.2666667)
(1.133333 0.06666667 0.2666667)
(1.2 0.06666667 0.2666667)
(1.266667 0.06666667 0.2666667)
(1.333333 0.06666667 0.2666667)
(1.4 0.06666667 0.2666667)
(1.466667 0.06666667 0.2666667)
(1.533333 0.06666667 0.2666667)
(1.6 0.06666667 0.2666667)
(1.666667 0.06666667 0.2666667)
(1.733333 0.06666667 0.2666667)
(1.8 0.06666667 0.2666667)
(1.866667 0.06666667 0.2666667)
(1.933333 0.06666667 0.2666667)
(2 0.06666667 0.2666667)
(1 0.1333333 0.2666667)
(1.066667 0.1333333 0.2666667)
(1.133333 0.1333333 0.2666667)
(1.2 0.1333333 0.2666667)
(1.266667 0.1333333 0.2666667)
(1.333333 0.1333333 0.2666667)
(1.4 0.1333333 0.2666667)
(1.466667 0.1333333 0.2666667)
(1.533333 0.1333333 0.2666667)
(1.6 0.1333333 0.2666667)
(1.666667 0.1333333 0.2666667)
(1.733333 0.1333333 0.2666667)
(1.8 0.1333333 0.2666667)
(1.866667 0.1333333 0.2666667)
(1.933333 0.1333333 0.2666667)
(2 0.1333333 0.2666667)
(1 0.2 0.2666667)
(1.066667 0.2 0.2666667)
(1.133333 0.2 0.2666667)
(1.2 0.2 0.2666667)
(1.266667 0.2 0.2666667)
(1.333333 0.2 0.2666667)
(1.4 0.2 0.2666667)
(1.466667 0.2 0.2666667)
(1.533333 0.2 0.2666667)
(1.6 0.2 0.2666667)
(1.666667 0.2 0.2666667)
(1.733333 0.2 0.2666667)
(1.8 0.2 0.2666667)
(1.866667 0.2 0.2666667)
(1.933333 0.2 0.2666667)
(2 0.2 0.2666667)
(1 0.2666667 0.2666667)
(1.066667 0.2666667 0.2666667)
(1.133333 0.2666667 0.2666667)
(1.2 0.2666667 0.2666667)
(1.266667 0.2666667 0.2666667)
(1.333333 0.2666667 0.2666667)
(1.4 0.2666667 0.2666667)
(1.466667 0.2666667 0.2666667)
(1.533333 0.2666667 0.2666667)
(1.6 0.2666667 0.2666667)
(1.666667 0.2666667 0.2666667)
(1.733333 0.2666667 0.2666667)
(1.8 0.2666667 0.2666667)
(1.866667 0.2666667 0.2666667)
(1.933333 0.2666667 0.2666667)
(2 0.2666667 0.2666667)
(1 0.3333333 0.2666667)
(1.066667 0.3333333 0.2666667)
(1.133333 0.3333333 0.2666667)
(1.2 0.3333333 0.2666667)
(1.266667 0.3333333 0.2666667)
(1.333333 0.3333333 0.2666667)
(1.4 0.3333333 0.2666667)
(1.466667 0.3333333 0.2666667)
(1.533333 0.3333333 0.2666667)
(1.6 0.3333333 0.2666667)
(1.666667 0.3333333 0.2666667)
(1.733333 0.3333333 0.2666667)
(1.8 0.3333333 0.2666667)
(1.866667 0.3333333 0.2666667)
(1.933333 0.3333333 0.2666667)
(2 0.3333333 0.2666667)
(1 0.4 0.2666667)
(1.066667 0.4 0.2666667)
(1.133333 0.4 0.2666667)
(1.2 0.4 0.2666667)
(1.266667 0.4 0.2666667)
(1.333333 0.4 0.2666667)
(1.4 0.4 0.2666667)
(1.466667 0.4 0.2666667)
(1.533333 0.4 0.2666667)
(1.6 0.4 0.2666667)
(1.666667 0.4 0.2666667)
(1.733333 0.4 0.2666667)
(1.8 0.4 0.2666667)
(1.866667 0.4 0.2666667)
(1.933333 0.4 0.2666667)
(2 0.4 0.2666667)
(1 0.4666667 0.2666667)
(1.066667 0.4666667 0.2666667)
(1.133333 0.4666667 0.2666667)
(1.2 0.4666667 0.2666667)
(1.266667 0.4666667 0.2666667)
(1.333333 0.4666667 0.2666667)
(1.4 0.4666667 0.2666667)
(1.466667 0.4666667 0.2666667)
(1.533333 0.4666667 0.2666667)
(1.6 0.4666667 0.2666667)
(1.666667 0.4666667 0.2666667)
(1.733333 0.4666667 0.2666667)
(1.8 0.4666667 0.2666667)
(1.866667 0.4666667 0.2666667)
(1.933333 0.4666667 0.2666667)
(2 0.4666667 0.2666667)
(1 0.5333333 0.2666667)
(1.066667 0.5333333 0.2666667)
(1.133333 0.5333333 0.2666667)
(1.2 0.5333333 0.2666667)
(1.266667 0.5333333 0.2666667)
(1.333333 0.5333333 0.2666667)
(1.4 0.5333333 0.2666667)
(1.466667 0.5333333 0.2666667)
(1.533333 0.5333333 0.2666667)
(1.6 0.5333333 0.2666667)
(1.666667 0.5333333 0.2666667)
(1.733333 0.5333333 0.2666667)
(1.8 0.5333333 0.2666667)
(1.866667 0.5333333 0.2666667)
(1.933333 0.5333333 0.2666667)
(2 0.5333333 0.2666667)
(1 0.6 0.2666667)
(1.066667 0.6 0.2666667)
(1.133333 0.6 0.2666667)
(1.2 0.6 0.2666667)
(1.266667 0.6 0.2666667)
(1.333333 0.6 0.2666667)
(1.4 0.6 0.2666667)
(1.466667 0.6 0.2666667)
(1.533333 0.6 0.2666667)
(1.6 0.6 0.2666667)
(1.666667 0.6 0.2666667)
(1.733333 0.6 0.2666667)
(1.8 0.6 0.2666667)
(1.866667 0.6 0.2666667)
(1.933333 0.6 0.2666667)
(2 0.6 0.2666667)
(1 0.6666667 0.2666667)
(1.066667 0.6666667 0.2666667)
(1.133333 0.6666667 0.2666667)
(1.2 0.6666667 0.2666667)
(1.266667 0.6666667 0.2666667)
(1.333333 0.6666667 0.2666667)
(1.4 0.6666667 0.2666667)
(1.466667 0.6666667 0.2666667)
(1.533333 0.6666667 0.2666667)
(1.6 0.6666667 0.2666667)
(1.666667 0.6666667 0.2666667)
(1.733333 0.6666667 0.2666667)
(1.8 0.6666667 0.2666667)
(1.866667 0.6666667 0.2666667)
(1.933333 0.6666667 0.2666667)
(2 0.6666667 0.2666667)
(1 0.7333333 0.2666667)
(1.066667 0.7333333 0.2666667)
(1.133333 0.7333333 0.2666667)
(1.2 0.7333333 0.2666667)
(1.266667 0.7333333 0.2666667)
(1.333333 0.7333333 0.2666667)
(1.4 0.7333333 0.2666667)
(1.466667 0.7333333 0.2666667)
(1.533333 0.7333333 0.2666667)
(1.6 0.7333333 0.2666667)
(1.666667 0.7333333 0.2666667)
(1.733333 0.7333333 0.2666667)
(1.8 0.7333333 0.2666667)
(1.866667 0.7333333 0.2666667)
(1.933333 0.7333333 0.2666667)
(2 0.7333333 0.2666667)
(1 0.8 0.2666667)
(1.066667 0.8 0.2666667)
(1.133333 0.8 0.2666667)
(1.2 0.8 0.2666667)
(1.266667 0.8 0.2666667)
(1.333333 0.8 0.2666667)
(1.4 0.8 0.2666667)
(1.466667 0.8 0.2666667)
(1.533333 0.8 0.2666667)
(1.6 0.8 0.2666667)
(1.666667 0.8 0.2666667)
(1.733333 0.8 0.2666667)
(1.8 0.8 0.2666667)
(1.866667 0.8 0.2666667)
(1.933333 0.8 0.2666667)
(2 0.8 0.2666667)
(1 0.8666667 0.2666667)
(1.066667 0.8666667 0.2666667)
(1.133333 0.8666667 0.2666667)
(1.2 0.8666667 0.2666667)
(1.266667 0.8666667 0.2666667)
(1.333333 0.8666667 0.2666667)
(1.4 0.8666667 0.2666667)
(1.466667 0.8666667 0.2666667)
(1.533333 0.8666667 0.2666667)
(1.6 0.8666667 0.2666667)
(1.666667 0.8666667 0.2666667)
(1.733333 0.8666667 0.2666667)
(1.8 0.8666667 0.2666667)
(1.866667 0.8666667 0.2666667)
(1.933333 0.8666667 0.2666667)
(2 0.8666667 0.2666667)
(1 0.9333333 0.2666667)
(1.066667 0.9333333 0.2666667)
(1.133333 0.9333333 0.2666667)
(1.2 0.9333333 0.2666667)
(1.266667 0.9333333 0.2666667)
(1.333333 0.9333333 0.2666667)
(1.4 0.9333333 0.2666667)
(1.466667 0.9333333 0.2666667)
(1.533333 0.9333333 0.2666667)
(1.6 0.9333333 0.2666667)
(1.666667 0.9333333 0.2666667)
(1.733333 0.9333333 0.2666667)
(1.8 0.9333333 0.2666667)
(1.866667 0.9333333 0.2666667)
(1.933333 0.9333333 0.2666667)
(2 0.9333333 0.2666667)
(1 1 0.2666667)
(1.066667 1 0.2666667)
(1.133333 1 0.2666667)
(1.2 1 0.2666667)
(1.266667 1 0.2666667)
(1.333333 1 0.2666667)
(1.4 1 0.2666667)
(1.466667 1 0.2666667)
(1.533333 1 0.2666667)
(1.6 1 0.2666667)
(1.666667 1 0.2666667)
(1.733333 1 0.2666667)
(1.8 1 0.2666667)
(1.866667 1 0.2666667)
(1.933333 1 0.2666667)
(2 1 0.2666667)
(1 0 0.3333333)
(1.066667 0 0.3333333)
(1.133333 0 0.3333333)
(1.2 0 0.3333333)
(1.266667 0 0.3333333)
(1.333333 0 0.3333333)
(1.4 0 0.3333333)
(1.466667 0 0.3333333)
(1.533333 0 0.3333333)
(1.6 0 0.3333333)
(1.666667 0 0.3333333)
(1.733333 0 0.3333333)
(1.8 0 0.3333333)
(1.866667 0 0.3333333)
(1.933333 0 0.3333333)
(2 0 0.3333333)
(1 0.06666667 0.3333333)
(1.066667 0.06666667 0.3333333)
(1.133333 0.06666667 0.3333333)
(1.2 0.06666667 0.3333333)
(1.266667 0.06666667 0.3333333)
(1.333333 0.06666667 0.3333333)
(1.4 0.06666667 0.3333333)
(1.466667 0.06666667 0.3333333)
(1.533333 0.06666667 0.3333333)
(1.6 0.06666667 0.3333333)
(1.666667 0.06666667 0.3333333)
(1.733333 0.06666667 0.3333333)
(1.8 0.06666667 0.3333333)
(1.866667 0.06666667 0.3333333)
(1.933333 0.06666667 0.3333333)
(2 0.06666667 0.3333333)
(1 0.1333333 0.3333333)
(1.066667 0.1333333 0.3333333)
(1.133333 0.1333333 0.3333333)
(1.2 0.1333333 0.3333333)
(1.266667 0.1333333 0.3333333)
(1.333333 0.1333333 0.3333333)
(1.4 0.1333333 0.3333333)
(1.466667 0.1333333 0.3333333)
(1.533333 0.1333333 0.3333333)
(1.6 0.1333333 0.3333333)
(1.666667 0.1333333 0.3333333)
(1.733333 0.1333333 0.3333333)
(1.8 0.1333333 0.3333333)
(1.866667 0.1333333 0.3333333)
(1.933333 0.1333333 0.3333333)
(2 0.1333333 0.3333333)
(1 0.2 0.3333333)
(1.066667 0.2 0.3333333)
(1.133333 0.2 0.3333333)
(1.2 0.2 0.3333333)
(1.266667 0.2 0.3333333)
(1.333333 0.2 0.3333333)
(1.4 0.2 0.3333333)
(1.466667 0.2 0.3333333)
(1.533333 0.2 0.3333333)
(1.6 0.2 0.3333333)
(1.666667 0.2 0.3333333)
(1.733333 0.2 0.3333333)
(1.8 0.2 0.3333333)
(1.866667 0.2 0.3333333)
(1.933333 0.2 0.3333333)
(2 0.2 0.3333333)
(1 0.2666667 0.3333333)
(1.066667 0.2666667 0.3333333)
(1.133333 0.2666667 0.3333333)
(1.2 0.2666667 0.3333333)
(1.266667 0.2666667 0.3333333)
(1.333333 0.2666667 0.3333333)
(1.4 0.2666667 0.3333333)
(1.466667 0.2666667 0.3333333)
(1.533333 0.2666667 0.3333333)
(1.6 0.2666667 0.3333333)
(1.666667 0.2666667 0.3333333)
(1.733333 0.2666667 0.3333333)
(1.8 0.2666667 0.3333333)
(1.866667 0.2666667 0.3333333)
(1.933333 0.2666667 0.3333333)
(2 0.2666667 0.3333333)
(1 0.3333333 0.3333333)
(1.066667 0.3333333 0.3333333)
(1.133333 0.3333333 0.3333333)
(1.2 0.3333333 0.3333333)
(1.266667 0.3333333 0.3333333)
(1.333333 0.3333333 0.3333333)
(1.4 0.3333333 0.3333333)
(1.466667 0.3333333 0.3333333)
(1.533333 0.3333333 0.3333333)
(1.6 0.3333333 0.3333333)
(1.666667 0.3333333 0.3333333)
(1.733333 0.3333333 0.3333333)
(1.8 0.3333333 0.3333333)
(1.866667 0.3333333 0.3333333)
(1.933333 0.3333333 0.3333333)
(2 0.3333333 0.3333333)
(1 0.4 0.3333333)
(1.066667 0.4 0.3333333)
(1.133333 0.4 0.3333333)
(1.2 0.4 0.3333333)
(1.266667 0.4 0.3333333)
(1.333333 0.4 0.3333333)
(1.4 0.4 0.3333333)
(1.466667 0.4 0.3333333)
(1.533333 0.4 0.3333333)
(1.6 0.4 0.3333333)
(1.666667 0.4 0.3333333)
(1.733333 0.4 0.3333333)
(1.8 0.4 0.3333333)
(1.866667 0.4 0.3333333)
(1.933333 0.4 0.3333333)
(2 0.4 0.3333333)
(1 0.4666667 0.3333333)
(1.066667 0.4666667 0.3333333)
(1.133333 0.4666667 0.3333333)
(1.2 0.4666667 0.3333333)
(1.266667 0.4666667 0.3333333)
(1.333333 0.4666667 0.3333333)
(1.4 0.4666667 0.3333333)
(1.466667 0.4666667 0.3333333)
(1.533333 0.4666667 0.3333333)
(1.6 0.4666667 0.3333333)
(1.666667 0.4666667 0.3333333)
(1.733333 0.4666667 0.3333333)
(1.8 0.4666667 0.3333333)
(1.866667 0.4666667 0.3333333)
(1.933333 0.4666667 0.3333333)
(2 0.4666667 0.3333333)
(1 0.5333333 0.3333333)
(1.066667 0.5333333 0.3333333)
(1.133333 0.5333333 0.3333333)
(1.2 0.5333333 0.3333333)
(1.266667 0.5333333 0.3333333)
(1.333333 0.5333333 0.3333333)
(1.4 0.5333333 0.3333333)
(1.466667 0.5333333 0.3333333)
(1.533333 0.5333333 0.3333333)
(1.6 0.5333333 0.3333333)
(1.666667 0.5333333 0.3333333)
(1.733333 0.5333333 0.3333333)
(1.8 0.5333333 0.3333333)
(1.866667 0.5333333 0.3333333)
(1.933333 0.5333333 0.3333333)
(2 0.5333333 0.3333333)
(1 0.6 0.3333333)
(1.066667 0.6 0.3333333)
(1.133333 0.6 0.3333333)
(1.2 0.6 0.3333333)
(1.266667 0.6 0.3333333)
(1.333333 0.6 0.3333333)
(1.4 0.6 0.3333333)
(1.466667 0.6 0.3333333)
(1.533333 0.6 0.3333333)
(1.6 0.6 0.3333333)
(1.666667 0.6 0.3333333)
(1.733333 0.6 0.3333333)
(1.8 0.6 0.3333333)
(1.866667 0.6 0.3333333)
(1.933333 0.6 0.3333333)
(2 0.6 0.3333333)
(1 0.6666667 0.3333333)
(1.066667 0.6666667 0.3333333)
(1.133333 0.6666667 0.3333333)
(1.2 0.6666667 0.3333333)
(1.266667 0.6666667 0.3333333)
(1.333333 0.6666667 0.3333333)
(1.4 0.6666667 0.3333333)
(1.466667 0.6666667 0.3333333)
(1.533333 0.6666667 0.3333333)
(1.6 0.6666667 0.3333333)
(1.666667 0.6666667 0.3333333)
(1.733333 0.6666667 0.3333333)
(1.8 0.6666667 0.3333333)
(1.866667 0.6666667 0.3333333)
(1.933333 0.6666667 0.3333333)
(2 0.6666667 0.3333333)
(1 0.7333333 0.3333333)
(1.066667 0.7333333 0.3333333)
(1.133333 0.7333333 0.3333333)
(1.2 0.7333333 0.3333333)
(1.266667 0.7333333 0.3333333)
(1.333333 0.7333333 0.3333333)
(1.4 0.7333333 0.3333333)
(1.466667 0.7333333 0.3333333)
(1.533333 0.7333333 0.3333333)
(1.6 0.7333333 0.3333333)
(1.666667 0.7333333 0.3333333)
(1.733333 0.7333333 0.3333333)
(1.8 0.7333333 0.3333333)
(1.866667 0.7333333 0.3333333)
(1.933333 0.7333333 0.3333333)
(2 0.7333333 0.3333333)
(1 0.8 0.3333333)
(1.066667 0.8 0.3333333)
(1.133333 0.8 0.3333333)
(1.2 0.8 0.3333333)
(1.266667 0.8 0.3333333)
(1.333333 0.8 0.3333333)
(1.4 0.8 0.3333333)
(1.466667 0.8 0.3333333)
(1.533333 0.8 0.3333333)
(1.6 0.8 0.3333333)
(1.666667 0.8 0.3333333)
(1.733333 0.8 0.3333333)
(1.8 0.8 0.3333333)
(1.866667 0.8 0.3333333)
(1.933333 0.8 0.3333333)
(2 0.8 0.3333333)
(1 0.8666667 0.3333333)
(1.066667 0.8666667 0.3333333)
(1.133333 0.8666667 0.3333333)
(1.2 0.8666667 0.3333333)
(1.266667 0.8666667 0.3333333)
(1.333333 0.8666667 0.3333333)
(1.4 0.8666667 0.3333333)
(1.466667 0.8666667 0.3333333)
(1.533333 0.8666667 0.3333333)
(1.6 0.8666667 0.3333333)
(1.666667 0.8666667 0.3333333)
(1.733333 0.8666667 0.3333333)
(1.8 0.8666667 0.3333333)
(1.866667 0.8666667 0.3333333)
(1.933333 0.8666667 0.3333333)
(2 0.8666667 0.3333333)
(1 0.9333333 0.3333333)
(1.066667 0.9333333 0.3333333)
(1.133333 0.9333333 0.3333333)
(1.2 0.9333333 0.3333333)
(1.266667 0.9333333 0.3333333)
(1.333333 0.9333333 0.3333333)
(1.4 0.9333333 0.3333333)
(1.466667 0.9333333 0.3333333)
(1.533333 0.9333333 0.3333333)
(1.6 0.9333333 0.3333333)
(1.666667 0.9333333 0.3333333)
(1.733333 0.9333333 0.3333333)
(1.8 0.9333333 0.3333333)
(1.866667 0.9333333 0.3333333)
(1.933333 0.9333333 0.3333333)
(2 0.9333333 0.3333333)
(1 1 0.3333333)
(1.066667 1 0.3333333)
(1.133333 1 0.3333333)
(1.2 1 0.3333333)
(1.266667 1 0.3333333)
(1.333333 1 0.3333333)
(1.4 1 0.3333333)
(1.466667 1 0.3333333)
(1.533333 1 0.3333333)
(1.6 1 0.3333333)
(1.666667 1 0.3333333)
(1.733333 1 0.3333333)
(1.8 1 0.3333333)
(1.866667 1 0.3333333)
(1.933333 1 0.3333333)
(2 1 0.3333333)
(1 0 0.4)
(1.066667 0 0.4)
(1.133333 0 0.4)
(1.2 0 0.4)
(1.266667 0 0.4)
(1.333333 0 0.4)
(1.4 0 0.4)
(1.466667 0 0.4)
(1.533333 0 0.4)
(1.6 0 0.4)
(1.666667 0 0.4)
(1.733333 0 0.4)
(1.8 0 0.4)
(1.866667 0 0.4)
(1.933333 0 0.4)
(2 0 0.4)
(1 0.06666667 0.4)
(1.066667 0.06666667 0.4)
(1.133333 0.06666667 0.4)
(1.2 0.06666667 0.4)
(1.266667 0.06666667 0.4)
(1.333333 0.06666667 0.4)
(1.4 0.06666667 0.4)
(1.466667 0.06666667 0.4)
(1.533333 0.06666667 0.4)
(1.6 0.06666667 0.4)
(1.666667 0.06666667 0.4)
(1.733333 0.06666667 0.4)
(1.8 0.06666667 0.4)
(1.866667 0.06666667 0.4)
(1.933333 0.06666667 0.4)
(2 0.06666667 0.4)
(1 0.1333333 0.4)
(1.066667 0.1333333 0.4)
(1.133333 0.1333333 0.4)
(1.2 0.1333333 0.4)
(1.266667 0.1333333 0.4)
(1.333333 0.1333333 0.4)
(1.4 0.1333333 0.4)
(1.466667 0.1333333 0.4)
(1.533333 0.1333333 0.4)
(1.6 0.1333333 0.4)
(1.666667 0.1333333 0.4)
(1.733333 0.1333333 0.4)
(1.8 0.1333333 0.4)
(1.866667 0.1333333 0.4)
(1.933333 0.1333333 0.4)
(2 0.1333333 0.4)
(1 0.2 0.4)
(1.066667 0.2 0.4)
(1.133333 0.2 0.4)
(1.2 0.2 0.4)
(1.266667 0.2 0.4)
(1.333333 0.2 0.4)
(1.4 0.2 0.4)
(1.466667 0.2 0.4)
(1.533333 0.2 0.4)
(1.6 0.2 0.4)
(1.666667 0.2 0.4)
(1.733333 0.2 0.4)
(1.8 0.2 0.4)
(1.866667 0.2 0.4)
(1.933333 0.2 0.4)
(2 0.2 0.4)
(1 0.2666667 0.4)
(1.066667 0.2666667 0.4)
(1.133333 0.2666667 0.4)
(1.2 0.2666667 0.4)
(1.266667 0.2666667 0.4)
(1.333333 0.2666667 0.4)
(1.4 0.2666667 0.4)
(1.466667 0.2666667 0.4)
(1.533333 0.2666667 0.4)
(1.6 0.2666667 0.4)
(1.666667 0.2666667 0.4)
(1.733333 0.2666667 0.4)
(1.8 0.2666667 0.4)
(1.866667 0.2666667 0.4)
(1.933333 0.2666667 0.4)
(2 0.2666667 0.4)
(1 0.3333333 0.4)
(1.066667 0.3333333 0.4)
(1.133333 0.3333333 0.4)
(1.2 0.3333333 0.4)
(1.266667 0.3333333 0.4)
(1.333333 0.3333333 0.4)
(1.4 0.3333333 0.4)
(1.466667 0.3333333 0.4)
(1.533333 0.3333333 0.4)
(1.6 0.3333333 0.4)
(1.666667 0.3333333 0.4)
(1.733333 0.3333333 0.4)
(1.8 0.3333333 0.4)
(1.866667 0.3333333 0.4)
(1.933333 0.3333333 0.4)
(2 0.3333333 0.4)
(1 0.4 0.4)
(1.066667 0.4 0.4)
(1.133333 0.4 0.4)
(1.2 0.4 0.4)
(1.266667 0.4 0.4)
(1.333333 0.4 0.4)
(1.4 0.4 0.4)
(1.466667 0.4 0.4)
(1.533333 0.4 0.4)
(1.6 0.4 0.4)
(1.666667 0.4 0.4)
(1.733333 0.4 0.4)
(1.8 0.4 0.4)
(1.866667 0.4 0.4)
(1.933333 0.4 0.4)
(2 0.4 0.4)
(1 0.4666667 0.4)
(1.066667 0.4666667 0.4)
(1.133333 0.4666667 0.4)
(1.2 0.4666667 0.4)
(1.266667 0.4666667 0.4)
(1.333333 0.4666667 0.4)
(1.4 0.4666667 0.4)
(1.466667 0.4666667 0.4)
(1.533333 0.4666667 0.4)
(1.6 0.4666667 0.4)
(1.666667 0.4666667 0.4)
(1.733333 0.4666667 0.4)
(1.8 0.4666667 0.4)
(1.866667 0.4666667 0.4)
(1.933333 0.4666667 0.4)
(2 0.4666667 0.4)
(1 0.5333333 0.4)
(1.066667 0.5333333 0.4)
(1.133333 0.5333333 0.4)
(1.2 0.5333333 0.4)
(1.266667 0.5333333 0.4)
(1.333333 0.5333333 0.4)
(1.4 0.5333333 0.4)
(1.466667 0.5333333 0.4)
(1.533333 0.5333333 0.4)
(1.6 0.5333333 0.4)
(1.666667 0.5333333 0.4)
(1.733333 0.5333333 0.4)
(1.8 0.5333333 0.4)
(1.866667 0.5333333 0.4)
(1.933333 0.5333333 0.4)
(2 0.5333333 0.4)
(1 0.6 0.4)
(1.066667 0.6 0.4)
(1.133333 0.6 0.4)
(1.2 0.6 0.4)
(1.266667 0.6 0.4)
(1.333333 0.6 0.4)
(1.4 0.6 0.4)
(1.466667 0.6 0.4)
(1.533333 0.6 0.4)
(1.6 0.6 0.4)
(1.666667 0.6 0.4)
(1.733333 0.6 0.4)
(1.8 0.6 0.4)
(1.866667 0.6 0.4)
(1.933333 0.6 0.4)
(2 0.6 0.4)
(1 0.6666667 0.4)
(1.066667 0.6666667 0.4)
(1.133333 0.6666667 0.4)
(1.2 0.6666667 0.4)
(1.266667 0.6666667 0.4)
(1.333333 0.6666667 0.4)
(1.4 0.6666667 0.4)
(1.466667 0.6666667 0.4)
(1.533333 0.6666667 0.4)
(1.6 0.6666667 0.4)
(1.666667 0.6666667 0.4)
(1.733333 0.6666667 0.4)
(1.8 0.6666667 0.4)
(1.866667 0.6666667 0.4)
(1.933333 0.6666667 0.4)
(2 0.6666667 0.4)
(1 0.7333333 0.4)
(1.066667 0.7333333 0.4)
(1.133333 0.7333333 0.4)
(1.2 0.7333333 0.4)
(1.266667 0.7333333 0.4)
(1.333333 0.7333333 0.4)
(1.4 0.7333333 0.4)
(1.466667 0.7333333 0.4)
(1.533333 0.7333333 0.4)
(1.6 0.7333333 0.4)
(1.666667 0.7333333 0.4)
(1.733333 0.7333333 0.4)
(1.8 0.7333333 0.4)
(1.866667 0.7333333 0.4)
(1.933333 0.7333333 0.4)
(2 0.7333333 0.4)
(1 0.8 0.4)
(1.066667 0.8 0.4)
(1.133333 0.8 0.4)
(1.2 0.8 0.4)
(1.266667 0.8 0.4)
(1.333333 0.8 0.4)
(1.4 0.8 0.4)
(1.466667 0.8 0.4)
(1.533333 0.8 0.4)
(1.6 0.8 0.4)
(1.666667 0.8 0.4)
(1.733333 0.8 0.4)
(1.8 0.8 0.4)
(1.866667 0.8 0.4)
(1.933333 0.8 0.4)
(2 0.8 0.4)
(1 0.8666667 0.4)
(1.066667 0.8666667 0.4)
(1.133333 0.8666667 0.4)
(1.2 0.8666667 0.4)
(1.266667 0.8666667 0.4)
(1.333333 0.8666667 0.4)
(1.4 0.8666667 0.4)
(1.466667 0.8666667 0.4)
(1.533333 0.8666667 0.4)
(1.6 0.8666667 0.4)
(1.666667 0.8666667 0.4)
(1.733333 0.8666667 0.4)
(1.8 0.8666667 0.4)
(1.866667 0.8666667 0.4)
(1.933333 0.8666667 0.4)
(2 0.8666667 0.4)
(1 0.9333333 0.4)
(1.066667 0.9333333 0.4)
(1.133333 0.9333333 0.4)
(1.2 0.9333333 0.4)
(1.266667 0.9333333 0.4)
(1.333333 0.9333333 0.4)
(1.4 0.9333333 0.4)
(1.466667 0.9333333 0.4)
(1.533333 0.9333333 0.4)
(1.6 0.9333333 0.4)
(1.666667 0.9333333 0.4)
(1.733333 0.9333333 0.4)
(1.8 0.9333333 0.4)
(1.866667 0.9333333 0.4)
(1.933333 0.9333333 0.4)
(2 0.9333333 0.4)
(1 1 0.4)
(1.066667 1 0.4)
(1.133333 1 0.4)
(1.2 1 0.4)
(1.266667 1 0.4)
(1.333333 1 0.4)
(1.4 1 0.4)
(1.466667 1 0.4)
(1.533333 1 0.4)
(1.6 1 0.4)
(1.666667 1 0.4)
(1.733333 1 0.4)
(1.8 1 0.4)
(1.866667 1 0.4)
(1.933333 1 0.4)
(2 1 0.4)
(1 0 0.4666667)
(1.066667 0 0.4666667)
(1.133333 0 0.4666667)
(1.2 0 0.4666667)
(1.266667 0 0.4666667)
(1.333333 0 0.4666667)
(1.4 0 0.4666667)
(1.466667 0 0.4666667)
(1.533333 0 0.4666667)
(1.6 0 0.4666667)
(1.666667 0 0.4666667)
(1.733333 0 0.4666667)
(1.8 0 0.4666667)
(1.866667 0 0.4666667)
(1.933333 0 0.4666667)
(2 0 0.4666667)
(1 0.06666667 0.4666667)
(1.066667 0.06666667 0.4666667)
(1.133333 0.06666667 0.4666667)
(1.2 0.06666667 0.4666667)
(1.266667 0.06666667 0.4666667)
(1.333333 0.06666667 0.4666667)
(1.4 0.06666667 0.4666667)
(1.466667 0.06666667 0.4666667)
(1.533333 0.06666667 0.4666667)
(1.6 0.06666667 0.4666667)
(1.666667 0.06666667 0.4666667)
(1.733333 0.06666667 0.4666667)
(1.8 0.06666667 0.4666667)
(1.866667 0.06666667 0.4666667)
(1.933333 0.06666667 0.4666667)
(2 0.06666667 0.4666667)
(1 0.1333333 0.4666667)
(1.066667 0.1333333 0.4666667)
(1.133333 0.1333333 0.4666667)
(1.2 0.1333333 0.4666667)
(1.266667 0.1333333 0.4666667)
(1.333333 0.1333333 0.4666667)
(1.4 0.1333333 0.4666667)
(1.466667 0.1333333 0.4666667)
(1.533333 0.1333333 0.4666667)
(1.6 0.1333333 0.4666667)
(1.666667 0.1333333 0.4666667)
(1.733333 0.1333333 0.4666667)
(1.8 0.1333333 0.4666667)
(1.866667 0.1333333 0.4666667)
(1.933333 0.1333333 0.4666667)
(2 0.1333333 0.4666667)
(1 0.2 0.4666667)
(1.066667 0.2 0.4666667)
(1.133333 0.2 0.4666667)
(1.2 0.2 0.4666667)
(1.266667 0.2 0.4666667)
(1.333333 0.2 0.4666667)
(1.4 0.2 0.4666667)
(1.466667 0.2 0.4666667)
(1.533333 0.2 0.4666667)
(1.6 0.2 0.4666667)
(1.666667 0.2 0.4666667)
(1.733333 0.2 0.4666667)
(1.8 0.2 0.4666667)
(1.866667 0.2 0.4666667)
(1.933333 0.2 0.4666667)
(2 0.2 0.4666667)
(1 0.2666667 0.4666667)
(1.066667 0.2666667 0.4666667)
(1.133333 0.2666667 0.4666667)
(1.2 0.2666667 0.4666667)
(1.266667 0.2666667 0.4666667)
(1.333333 0.2666667 0.4666667)
(1.4 0.2666667 0.4666667)
(1.466667 0.2666667 0.4666667)
(1.533333 0.2666667 0.4666667)
(1.6 0.2666667 0.4666667)
(1.666667 0.2666667 0.4666667)
(1.733333 0.2666667 0.4666667)
(1.8 0.2666667 0.4666667)
(1.866667 0.2666667 0.4666667)
(1.933333 0.2666667 0.4666667)
(2 0.2666667 0.4666667)
(1 0.3333333 0.4666667)
(1.066667 0.3333333 0.4666667)
(1.133333 0.3333333 0.4666667)
(1.2 0.3333333 0.4666667)
(1.266667 0.3333333 0.4666667)
(1.333333 0.3333333 0.4666667)
(1.4 0.3333333 0.4666667)
(1.466667 0.3333333 0.4666667)
(1.533333 0.3333333 0.4666667)
(1.6 0.3333333 0.4666667)
(1.666667 0.3333333 0.4666667)
(1.733333 0.3333333 0.4666667)
(1.8 0.3333333 0.4666667)
(1.866667 0.3333333 0.4666667)
(1.933333 0.3333333 0.4666667)
(2 0.3333333 0.4666667)
(1 0.4 0.4666667)
(1.066667 0.4 0.4666667)
(1.133333 0.4 0.4666667)
(1.2 0.4 0.4666667)
(1.266667 0.4 0.4666667)
(1.333333 0.4 0.4666667)
(1.4 0.4 0.4666667)
(1.466667 0.4 0.4666667)
(1.533333 0.4 0.4666667)
(1.6 0.4 0.4666667)
(1.666667 0.4 0.4666667)
(1.733333 0.4 0.4666667)
(1.8 0.4 0.4666667)
(1.866667 0.4 0.4666667)
(1.933333 0.4 0.4666667)
(2 0.4 0.4666667)
(1 0.4666667 0.4666667)
(1.066667 0.4666667 0.4666667)
(1.133333 0.4666667 0.4666667)
(1.2 0.4666667 0.4666667)
(1.266667 0.4666667 0.4666667)
(1.333333 0.4666667 0.4666667)
(1.4 0.4666667 0.4666667)
(1.466667 0.4666667 0.4666667)
(1.533333 0.4666667 0.4666667)
(1.6 0.4666667 0.4666667)
(1.666667 0.4666667 0.4666667)
(1.733333 0.4666667 0.4666667)
(1.8 0.4666667 0.4666667)
(1.866667 0.4666667 0.4666667)
(1.933333 0.4666667 0.4666667)
(2 0.4666667 0.4666667)
(1 0.5333333 0.4666667)
(1.066667 0.5333333 0.4666667)
(1.133333 0.5333333 0.4666667)
(1.2 0.5333333 0.4666667)
(1.266667 0.5333333 0.4666667)
(1.333333 0.5333333 0.4666667)
(1.4 0.5333333 0.4666667)
(1.466667 0.5333333 0.4666667)
(1.533333 0.5333333 0.4666667)
(1.6 0.5333333 0.4666667)
(1.666667 0.5333333 0.4666667)
(1.733333 0.5333333 0.4666667)
(1.8 0.5333333 0.4666667)
(1.866667 0.5333333 0.4666667)
(1.933333 0.5333333 0.4666667)
(2 0.5333333 0.4666667)
(1 0.6 0.4666667)
(1.066667 0.6 0.4666667)
(1.133333 0.6 0.4666667)
(1.2 0.6 0.4666667)
(1.266667 0.6 0.4666667)
(1.333333 0.6 0.4666667)
(1.4 0.6 0.4666667)
(1.466667 0.6 0.4666667)
(1.533333 0.6 0.4666667)
(1.6 0.6 0.4666667)
(1.666667 0.6 0.4666667)
(1.733333 0.6 0.4666667)
(1.8 0.6 0.4666667)
(1.866667 0.6 0.4666667)
(1.933333 0.6 0.4666667)
(2 0.6 0.4666667)
(1 0.6666667 0.4666667)
(1.066667 0.6666667 0.4666667)
(1.133333 0.6666667 0.4666667)
(1.2 0.6666667 0.4666667)
(1.266667 0.6666667 0.4666667)
(1.333333 0.6666667 0.4666667)
(1.4 0.6666667 0.4666667)
(1.466667 0.6666667 0.4666667)
(1.533333 0.6666667 0.4666667)
(1.6 0.6666667 0.4666667)
(1.666667 0.6666667 0.4666667)
(1.733333 0.6666667 0.4666667)
(1.8 0.6666667 0.4666667)
(1.866667 0.6666667 0.4666667)
(1.933333 0.6666667 0.4666667)
(2 0.6666667 0.4666667)
(1 0.7333333 0.4666667)
(1.066667 0.7333333 0.4666667)
(1.133333 0.7333333 0.4666667)
(1.2 0.7333333 0.4666667)
(1.266667 0.7333333 0.4666667)
(1.333333 0.7333333 0.4666667)
(1.4 0.7333333 0.4666667)
(1.466667 0.7333333 0.4666667)
(1.533333 0.7333333 0.4666667)
(1.6 0.7333333 0.4666667)
(1.666667 0.7333333 0.4666667)
(1.733333 0.7333333 0.4666667)
(1.8 0.7333333 0.4666667)
(1.866667 0.7333333 0.4666667)
(1.933333 0.7333333 0.4666667)
(2 0.7333333 0.4666667)
(1 0.8 0.4666667)
(1.066667 0.8 0.4666667)
(1.133333 0.8 0.4666667)
(1.2 0.8 0.4666667)
(1.266667 0.8 0.4666667)
(1.333333 0.8 0.4666667)
(1.4 0.8 0.4666667)
(1.466667 0.8 0.4666667)
(1.533333 0.8 0.4666667)
(1.6 0.8 0.4666667)
(1.666667 0.8 0.4666667)
(1.733333 0.8 0.4666667)
(1.8 0.8 0.4666667)
(1.866667 0.8 0.4666667)
(1.933333 0.8 0.4666667)
(2 0.8 0.4666667)
(1 0.8666667 0.4666667)
(1.066667 0.8666667 0.4666667)
(1.133333 0.8666667 0.4666667)
(1.2 0.8666667 0.4666667)
(1.266667 0.8666667 0.4666667)
(1.333333 0.8666667 0.4666667)
(1.4 0.8666667 0.4666667)
(1.466667 0.8666667 0.4666667)
(1.533333 0.8666667 0.4666667)
(1.6 0.8666667 0.4666667)
(1.666667 0.8666667 0.4666667)
(1.733333 0.8666667 0.4666667)
(1.8 0.8666667 0.4666667)
(1.866667 0.8666667 0.4666667)
(1.933333 0.8666667 0.4666667)
(2 0.8666667 0.4666667)
(1 0.9333333 0.4666667)
(1.066667 0.9333333 0.4666667)
(1.133333 0.9333333 0.4666667)
(1.2 0.9333333 0.4666667)
(1.266667 0.9333333 0.4666667)
(1.333333 0.9333333 0.4666667)
(1.4 0.9333333 0.4666667)
(1.466667 0.9333333 0.4666667)
(1.533333 0.9333333 0.4666667)
(1.6 0.9333333 0.4666667)
(1.666667 0.9333333 0.4666667)
(1.733333 0.9333333 0.4666667)
(1.8 0.9333333 0.4666667)
(1.866667 0.9333333 0.4666667)
(1.933333 0.9333333 0.4666667)
(2 0.9333333 0.4666667)
(1 1 0.4666667)
(1.066667 1 0.4666667)
(1.133333 1 0.4666667)
(1.2 1 0.4666667)
(1.266667 1 0.4666667)
(1.333333 1 0.4666667)
(1.4 1 0.4666667)
(1.466667 1 0.4666667)
(1.533333 1 0.4666667)
(1.6 1 0.4666667)
(1.666667 1 0.4666667)
(1.733333 1 0.4666667)
(1.8 1 0.4666667)
(1.866667 1 0.4666667)
(1.933333 1 0.4666667)
(2 1 0.4666667)
(1 0 0.5333333)
(1.066667 0 0.5333333)
(1.133333 0 0.5333333)
(1.2 0 0.5333333)
(1.266667 0 0.5333333)
(1.333333 0 0.5333333)
(1.4 0 0.5333333)
(1.466667 0 0.5333333)
(1.533333 0 0.5333333)
(1.6 0 0.5333333)
(1.666667 0 0.5333333)
(1.733333 0 0.5333333)
(1.8 0 0.5333333)
(1.866667 0 0.5333333)
(1.933333 0 0.5333333)
(2 0 0.5333333)
(1 0.06666667 0.5333333)
(1.066667 0.06666667 0.5333333)
(1.133333 0.06666667 0.5333333)
(1.2 0.06666667 0.5333333)
(1.266667 0.06666667 0.5333333)
(1.333333 0.06666667 0.5333333)
(1.4 0.06666667 0.5333333)
(1.466667 0.06666667 0.5333333)
(1.533333 0.06666667 0.5333333)
(1.6 0.06666667 0.5333333)
(1.666667 0.06666667 0.5333333)
(1.733333 0.06666667 0.5333333)
(1.8 0.06666667 0.5333333)
(1.866667 0.06666667 0.5333333)
(1.933333 0.06666667 0.5333333)
(2 0.06666667 0.5333333)
(1 0.1333333 0.5333333)
(1.066667 0.1333333 0.5333333)
(1.133333 0.1333333 0.5333333)
(1.2 0.1333333 0.5333333)
(1.266667 0.1333333 0.5333333)
(1.333333 0.1333333 0.5333333)
(1.4 0.1333333 0.5333333)
(1.466667 0.1333333 0.5333333)
(1.533333 0.1333333 0.5333333)
(1.6 0.1333333 0.5333333)
(1.666667 0.1333333 0.5333333)
(1.733333 0.1333333 0.5333333)
(1.8 0.1333333 0.5333333)
(1.866667 0.1333333 0.5333333)
(1.933333 0.1333333 0.5333333)
(2 0.1333333 0.5333333)
(1 0.2 0.5333333)
(1.066667 0.2 0.5333333)
(1.133333 0.2 0.5333333)
(1.2 0.2 0.5333333)
(1.266667 0.2 0.5333333)
(1.333333 0.2 0.5333333)
(1.4 0.2 0.5333333)
(1.466667 0.2 0.5333333)
(1.533333 0.2 0.5333333)
(1.6 0.2 0.5333333)
(1.666667 0.2 0.5333333)
(1.733333 0.2 0.5333333)
(1.8 0.2 0.5333333)
(1.866667 0.2 0.5333333)
(1.933333 0.2 0.5333333)
(2 0.2 0.5333333)
(1 0.2666667 0.5333333)
(1.066667 0.2666667 0.5333333)
(1.133333 0.2666667 0.5333333)
(1.2 0.2666667 0.5333333)
(1.266667 0.2666667 0.5333333)
(1.333333 0.2666667 0.5333333)
(1.4 0.2666667 0.5333333)
(1.466667 0.2666667 0.5333333)
(1.533333 0.2666667 0.5333333)
(1.6 0.2666667 0.5333333)
(1.666667 0.2666667 0.5333333)
(1.733333 0.2666667 0.5333333)
(1.8 0.2666667 0.5333333)
(1.866667 0.2666667 0.5333333)
(1.933333 0.2666667 0.5333333)
(2 0.2666667 0.5333333)
(1 0.3333333 0.5333333)
(1.066667 0.3333333 0.5333333)
(1.133333 0.3333333 0.5333333)
(1.2 0.3333333 0.5333333)
(1.266667 0.3333333 0.5333333)
(1.333333 0.3333333 0.5333333)
(1.4 0.3333333 0.5333333)
(1.466667 0.3333333 0.5333333)
(1.533333 0.3333333 0.5333333)
(1.6 0.3333333 0.5333333)
(1.666667 0.3333333 0.5333333)
(1.733333 0.3333333 0.5333333)
(1.8 0.3333333 0.5333333)
(1.866667 0.3333333 0.5333333)
(1.933333 0.3333333 0.5333333)
(2 0.3333333 0.5333333)
(1 0.4 0.5333333)
(1.066667 0.4 0.5333333)
(1.133333 0.4 0.5333333)
(1.2 0.4 0.5333333)
(1.266667 0.4 0.5333333)
(1.333333 0.4 0.5333333)
(1.4 0.4 0.5333333)
(1.466667 0.4 0.5333333)
(1.533333 0.4 0.5333333)
(1.6 0.4 0.5333333)
(1.666667 0.4 0.5333333)
(1.733333 0.4 0.5333333)
(1.8 0.4 0.5333333)
(1.866667 0.4 0.5333333)
(1.933333 0.4 0.5333333)
(2 0.4 0.5333333)
(1 0.4666667 0.5333333)
(1.066667 0.4666667 0.5333333)
(1.133333 0.4666667 0.5333333)
(1.2 0.4666667 0.5333333)
(1.266667 0.4666667 0.5333333)
(1.333333 0.4666667 0.5333333)
(1.4 0.4666667 0.5333333)
(1.466667 0.4666667 0.5333333)
(1.533333 0.4666667 0.5333333)
(1.6 0.4666667 0.5333333)
(1.666667 0.4666667 0.5333333)
(1.733333 0.4666667 0.5333333)
(1.8 0.4666667 0.5333333)
(1.866667 0.4666667 0.5333333)
(1.933333 0.4666667 0.5333333)
(2 0.4666667 0.5333333)
(1 0.5333333 0.5333333)
(1.066667 0.5333333 0.5333333)
(1.133333 0.5333333 0.5333333)
(1.2 0.5333333 0.5333333)
(1.266667 0.5333333 0.5333333)
(1.333333 0.5333333 0.5333333)
(1.4 0.5333333 0.5333333)
(1.466667 0.5333333 0.5333333)
(1.533333 0.5333333 0.5333333)
(1.6 0.5333333 0.5333333)
(1.666667 0.5333333 0.5333333)
(1.733333 0.5333333 0.5333333)
(1.8 0.5333333 0.5333333)
(1.866667 0.5333333 0.5333333)
(1.933333 0.5333333 0.5333333)
(2 0.5333333 0.5333333)
(1 0.6 0.5333333)
(1.066667 0.6 0.5333333)
(1.133333 0.6 0.5333333)
(1.2 0.6 0.5333333)
(1.266667 0.6 0.5333333)
(1.333333 0.6 0.5333333)
(1.4 0.6 0.5333333)
(1.466667 0.6 0.5333333)
(1.533333 0.6 0.5333333)
(1.6 0.6 0.5333333)
(1.666667 0.6 0.5333333)
(1.733333 0.6 0.5333333)
(1.8 0.6 0.5333333)
(1.866667 0.6 0.5333333)
(1.933333 0.6 0.5333333)
(2 0.6 0.5333333)
(1 0.6666667 0.5333333)
(1.066667 0.6666667 0.5333333)
(1.133333 0.6666667 0.5333333)
(1.2 0.6666667 0.5333333)
(1.266667 0.6666667 0.5333333)
(1.333333 0.6666667 0.5333333)
(1.4 0.6666667 0.5333333)
(1.466667 0.6666667 0.5333333)
(1.533333 0.6666667 0.5333333)
(1.6 0.6666667 0.5333333)
(1.666667 0.6666667 0.5333333)
(1.733333 0.6666667 0.5333333)
(1.8 0.6666667 0.5333333)
(1.866667 0.6666667 0.5333333)
(1.933333 0.6666667 0.5333333)
(2 0.6666667 0.5333333)
(1 0.7333333 0.5333333)
(1.066667 0.7333333 0.5333333)
(1.133333 0.7333333 0.5333333)
(1.2 0.7333333 0.5333333)
(1.266667 0.7333333 0.5333333)
(1.333333 0.7333333 0.5333333)
(1.4 0.7333333 0.5333333)
(1.466667 0.7333333 0.5333333)
(1.533333 0.7333333 0.5333333)
(1.6 0.7333333 0.5333333)
(1.666667 0.7333333 0.5333333)
(1.733333 0.7333333 0.5333333)
(1.8 0.7333333 0.5333333)
(1.866667 0.7333333 0.5333333)
(1.933333 0.7333333 0.5333333)
(2 0.7333333 0.5333333)
(1 0.8 0.5333333)
(1.066667 0.8 0.5333333)
(1.133333 0.8 0.5333333)
(1.2 0.8 0.5333333)
(1.266667 0.8 0.5333333)
(1.333333 0.8 0.5333333)
(1.4 0.8 0.5333333)
(1.466667 0.8 0.5333333)
(1.533333 0.8 0.5333333)
(1.6 0.8 0.5333333)
(1.666667 0.8 0.5333333)
(1.733333 0.8 0.5333333)
(1.8 0.8 0.5333333)
(1.866667 0.8 0.5333333)
(1.933333 0.8 0.5333333)
(2 0.8 0.5333333)
(1 0.8666667 0.5333333)
(1.066667 0.8666667 0.5333333)
(1.133333 0.8666667 0.5333333)
(1.2 0.8666667 0.5333333)
(1.266667 0.8666667 0.5333333)
(1.333333 0.8666667 0.5333333)
(1.4 0.8666667 0.5333333)
(1.466667 0.8666667 0.5333333)
(1.533333 0.8666667 0.5333333)
(1.6 0.8666667 0.5333333)
(1.666667 0.8666667 0.5333333)
(1.733333 0.8666667 0.5333333)
(1.8 0.8666667 0.5333333)
(1.866667 0.8666667 0.5333333)
(1.933333 0.8666667 0.5333333)
(2 0.8666667 0.5333333)
(1 0.9333333 0.5333333)
(1.066667 0.9333333 0.5333333)
(1.133333 0.9333333 0.5333333)
(1.2 0.9333333 0.5333333)
(1.266667 0.9333333 0.5333333)
(1.333333 0.9333333 0.5333333)
(1.4 0.9333333 0.5333333)
(1.466667 0.9333333 0.5333333)
(1.533333 0.9333333 0.5333333)
(1.6 0.9333333 0.5333333)
(1.666667 0.9333333 0.5333333)
(1.733333 0.9333333 0.5333333)
(1.8 0.9333333 0.5333333)
(1.866667 0.9333333 0.5333333)
(1.933333 0.9333333 0.5333333)
(2 0.9333333 0.5333333)
(1 1 0.5333333)
(1.066667 1 0.5333333)
(1.133333 1 0.5333333)
(1.2 1 0.5333333)
(1.266667 1 0.5333333)
(1.333333 1 0.5333333)
(1.4 1 0.5333333)
(1.466667 1 0.5333333)
(1.533333 1 0.5333333)
(1.6 1 0.5333333)
(1.666667 1 0.5333333)
(1.733333 1 0.5333333)
(1.8 1 0.5333333)
(1.866667 1 0.5333333)
(1.933333 1 0.5333333)
(2 1 0.5333333)
(1 0 0.6)
(1.066667 0 0.6)
(1.133333 0 0.6)
(1.2 0 0.6)
(1.266667 0 0.6)
(1.333333 0 0.6)
(1.4 0 0.6)
(1.466667 0 0.6)
(1.533333 0 0.6)
(1.6 0 0.6)
(1.666667 0 0.6)
(1.733333 0 0.6)
(1.8 0 0.6)
(1.866667 0 0.6)
(1.933333 0 0.6)
(2 0 0.6)
(1 0.06666667 0.6)
(1.066667 0.06666667 0.6)
(1.133333 0.06666667 0.6)
(1.2 0.06666667 0.6)
(1.266667 0.06666667 0.6)
(1.333333 0.06666667 0.6)
(1.4 0.06666667 0.6)
(1.466667 0.06666667 0.6)
(1.533333 0.06666667 0.6)
(1.6 0.06666667 0.6)
(1.666667 0.06666667 0.6)
(1.733333 0.06666667 0.6)
(1.8 0.06666667 0.6)
(1.866667 0.06666667 0.6)
(1.933333 0.06666667 0.6)
(2 0.06666667 0.6)
(1 0.1333333 0.6)
(1.066667 0.1333333 0.6)
(1.133333 0.1333333 0.6)
(1.2 0.1333333 0.6)
(1.266667 0.1333333 0.6)
(1.333333 0.1333333 0.6)
(1.4 0.1333333 0.6)
(1.466667 0.1333333 0.6)
(1.533333 0.1333333 0.6)
(1.6 0.1333333 0.6)
(1.666667 0.1333333 0.6)
(1.733333 0.1333333 0.6)
(1.8 0.1333333 0.6)
(1.866667 0.1333333 0.6)
(1.933333 0.1333333 0.6)
(2 0.1333333 0.6)
(1 0.2 0.6)
(1.066667 0.2 0.6)
(1.133333 0.2 0.6)
(1.2 0.2 0.6)
(1.266667 0.2 0.6)
(1.333333 0.2 0.6)
(1.4 0.2 0.6)
(1.466667 0.2 0.6)
(1.533333 0.2 0.6)
(1.6 0.2 0.6)
(1.666667 0.2 0.6)
(1.733333 0.2 0.6)
(1.8 0.2 0.6)
(1.866667 0.2 0.6)
(1.933333 0.2 0.6)
(2 0.2 0.6)
(1 0.2666667 0.6)
(1.066667 0.2666667 0.6)
(1.133333 0.2666667 0.6)
(1.2 0.2666667 0.6)
(1.266667 0.2666667 0.6)
(1.333333 0.2666667 0.6)
(1.4 0.2666667 0.6)
(1.466667 0.2666667 0.6)
(1.533333 0.2666667 0.6)
(1.6 0.2666667 0.6)
(1.666667 0.2666667 0.6)
(1.733333 0.2666667 0.6)
(1.8 0.2666667 0.6)
(1.866667 0.2666667 0.6)
(1.933333 0.2666667 0.6)
(2 0.2666667 0.6)
(1 0.3333333 0.6)
(1.066667 0.3333333 0.6)
(1.133333 0.3333333 0.6)
(1.2 0.3333333 0.6)
(1.266667 0.3333333 0.6)
(1.333333 0.3333333 0.6)
(1.4 0.3333333 0.6)
(1.466667 0.3333333 0.6)
(1.533333 0.3333333 0.6)
(1.6 0.3333333 0.6)
(1.666667 0.3333333 0.6)
(1.733333 0.3333333 0.6)
(1.8 0.3333333 0.6)
(1.866667 0.3333333 0.6)
(1.933333 0.3333333 0.6)
(2 0.3333333 0.6)
(1 0.4 0.6)
(1.066667 0.4 0.6)
(1.133333 0.4 0.6)
(1.2 0.4 0.6)
(1.266667 0.4 0.6)
(1.333333 0.4 0.6)
(1.4 0.4 0.6)
(1.466667 0.4 0.6)
(1.533333 0.4 0.6)
(1.6 0.4 0.6)
(1.666667 0.4 0.6)
(1.733333 0.4 0.6)
(1.8 0.4 0.6)
(1.866667 0.4 0.6)
(1.933333 0.4 0.6)
(2 0.4 0.6)
(1 0.4666667 0.6)
(1.066667 0.4666667 0.6)
(1.133333 0.4666667 0.6)
(1.2 0.4666667 0.6)
(1.266667 0.4666667 0.6)
(1.333333 0.4666667 0.6)
(1.4 0.4666667 0.6)
(1.466667 0.4666667 0.6)
(1.533333 0.4666667 0.6)
(1.6 0.4666667 0.6)
(1.666667 0.4666667 0.6)
(1.733333 0.4666667 0.6)
(1.8 0.4666667 0.6)
(1.866667 0.4666667 0.6)
(1.933333 0.4666667 0.6)
(2 0.4666667 0.6)
(1 0.5333333 0.6)
(1.066667 0.5333333 0.6)
(1.133333 0.5333333 0.6)
(1.2 0.5333333 0.6)
(1.266667 0.5333333 0.6)
(1.333333 0.5333333 0.6)
(1.4 0.5333333 0.6)
(1.466667 0.5333333 0.6)
(1.533333 0.5333333 0.6)
(1.6 0.5333333 0.6)
(1.666667 0.5333333 0.6)
(1.733333 0.5333333 0.6)
(1.8 0.5333333 0.6)
(1.866667 0.5333333 0.6)
(1.933333 0.5333333 0.6)
(2 0.5333333 0.6)
(1 0.6 0.6)
(1.066667 0.6 0.6)
(1.133333 0.6 0.6)
(1.2 0.6 0.6)
(1.266667 0.6 0.6)
(1.333333 0.6 0.6)
(1.4 0.6 0.6)
(1.466667 0.6 0.6)
(1.533333 0.6 0.6)
(1.6 0.6 0.6)
(1.666667 0.6 0.6)
(1.733333 0.6 0.6)
(1.8 0.6 0.6)
(1.866667 0.6 0.6)
(1.933333 0.6 0.6)
(2 0.6 0.6)
(1 0.6666667 0.6)
(1.066667 0.6666667 0.6)
(1.133333 0.6666667 0.6)
(1.2 0.6666667 0.6)
(1.266667 0.6666667 0.6)
(1.333333 0.6666667 0.6)
(1.4 0.6666667 0.6)
(1.466667 0.6666667 0.6)
(1.533333 0.6666667 0.6)
(1.6 0.6666667 0.6)
(1.666667 0.6666667 0.6)
(1.733333 0.6666667 0.6)
(1.8 0.6666667 0.6)
(1.866667 0.6666667 0.6)
(1.933333 0.6666667 0.6)
(2 0.6666667 0.6)
(1 0.7333333 0.6)
(1.066667 0.7333333 0.6)
(1.133333 0.7333333 0.6)
(1.2 0.7333333 0.6)
(1.266667 0.7333333 0.6)
(1.333333 0.7333333 0.6)
(1.4 0.7333333 0.6)
(1.466667 0.7333333 0.6)
(1.533333 0.7333333 0.6)
(1.6 0.7333333 0.6)
(1.666667 0.7333333 0.6)
(1.733333 0.7333333 0.6)
(1.8 0.7333333 0.6)
(1.866667 0.7333333 0.6)
(1.933333 0.7333333 0.6)
(2 0.7333333 0.6)
(1 0.8 0.6)
(1.066667 0.8 0.6)
(1.133333 0.8 0.6)
(1.2 0.8 0.6)
(1.266667 0.8 0.6)
(1.333333 0.8 0.6)
(1.4 0.8 0.6)
(1.466667 0.8 0.6)
(1.533333 0.8 0.6)
(1.6 0.8 0.6)
(1.666667 0.8 0.6)
(1.733333 0.8 0.6)
(1.8 0.8 0.6)
(1.866667 0.8 0.6)
(1.933333 0.8 0.6)
(2 0.8 0.6)
(1 0.8666667 0.6)
(1.066667 0.8666667 0.6)
(1.133333 0.8666667 0.6)
(1.2 0.8666667 0.6)
(1.266667 0.8666667 0.6)
(1.333333 0.8666667 0.6)
(1.4 0.8666667 0.6)
(1.466667 0.8666667 0.6)
(1.533333 0.8666667 0.6)
(1.6 0.8666667 0.6)
(1.666667 0.8666667 0.6)
(1.733333 0.8666667 0.6)
(1.8 0.8666667 0.6)
(1.866667 0.8666667 0.6)
(1.933333 0.8666667 0.6)
(2 0.8666667 0.6)
(1 0.9333333 0.6)
(1.066667 0.9333333 0.6)
(1.133333 0.9333333 0.6)
(1.2 0.9333333 0.6)
(1.266667 0.9333333 0.6)
(1.333333 0.9333333 0.6)
(1.4 0.9333333 0.6)
(1.466667 0.9333333 0.6)
(1.533333 0.9333333 0.6)
(1.6 0.9333333 0.6)
(1.666667 0.9333333 0.6)
(1.733333 0.9333333 0.6)
(1.8 0.9333333 0.6)
(1.866667 0.9333333 0.6)
(1.933333 0.9333333 0.6)
(2 0.9333333 0.6)
(1 1 0.6)
(1.066667 1 0.6)
(1.133333 1 0.6)
(1.2 1 0.6)
(1.266667 1 0.6)
(1.333333 1 0.6)
(1.4 1 0.6)
(1.466667 1 0.6)
(1.533333 1 0.6)
(1.6 1 0.6)
(1.666667 1 0.6)
(1.733333 1 0.6)
(1.8 1 0.6)
(1.866667 1 0.6)
(1.933333 1 0.6)
(2 1 0.6)
(1 0 0.6666667)
(1.066667 0 0.6666667)
(1.133333 0 0.6666667)
(1.2 0 0.6666667)
(1.266667 0 0.6666667)
(1.333333 0 0.6666667)
(1.4 0 0.6666667)
(1.466667 0 0.6666667)
(1.533333 0 0.6666667)
(1.6 0 0.6666667)
(1.666667 0 0.6666667)
(1.733333 0 0.6666667)
(1.8 0 0.6666667)
(1.866667 0 0.6666667)
(1.933333 0 0.6666667)
(2 0 0.6666667)
(1 0.06666667 0.6666667)
(1.066667 0.06666667 0.6666667)
(1.133333 0.06666667 0.6666667)
(1.2 0.06666667 0.6666667)
(1.266667 0.06666667 0.6666667)
(1.333333 0.06666667 0.6666667)
(1.4 0.06666667 0.6666667)
(1.466667 0.06666667 0.6666667)
(1.533333 0.06666667 0.6666667)
(1.6 0.06666667 0.6666667)
(1.666667 0.06666667 0.6666667)
(1.733333 0.06666667 0.6666667)
(1.8 0.06666667 0.6666667)
(1.866667 0.06666667 0.6666667)
(1.933333 0.06666667 0.6666667)
(2 0.06666667 0.6666667)
(1 0.1333333 0.6666667)
(1.066667 0.1333333 0.6666667)
(1.133333 0.1333333 0.6666667)
(1.2 0.1333333 0.6666667)
(1.266667 0.1333333 0.6666667)
(1.333333 0.1333333 0.6666667)
(1.4 0.1333333 0.6666667)
(1.466667 0.1333333 0.6666667)
(1.533333 0.1333333 0.6666667)
(1.6 0.1333333 0.6666667)
(1.666667 0.1333333 0.6666667)
(1.733333 0.1333333 0.6666667)
(1.8 0.1333333 0.6666667)
(1.866667 0.1333333 0.6666667)
(1.933333 0.1333333 0.6666667)
(2 0.1333333 0.6666667)
(1 0.2 0.6666667)
(1.066667 0.2 0.6666667)
(1.133333 0.2 0.6666667)
(1.2 0.2 0.6666667)
(1.266667 0.2 0.6666667)
(1.333333 0.2 0.6666667)
(1.4 0.2 0.6666667)
(1.466667 0.2 0.6666667)
(1.533333 0.2 0.6666667)
(1.6 0.2 0.6666667)
(1.666667 0.2 0.6666667)
(1.733333 0.2 0.6666667)
(1.8 0.2 0.6666667)
(1.866667 0.2 0.6666667)
(1.933333 0.2 0.6666667)
(2 0.2 0.6666667)
(1 0.2666667 0.6666667)
(1.066667 0.2666667 0.6666667)
(1.133333 0.2666667 0.6666667)
(1.2 0.2666667 0.6666667)
(1.266667 0.2666667 0.6666667)
(1.333333 0.2666667 0.6666667)
(1.4 0.2666667 0.6666667)
(1.466667 0.2666667 0.6666667)
(1.533333 0.2666667 0.6666667)
(1.6 0.2666667 0.6666667)
(1.666667 0.2666667 0.6666667)
(1.733333 0.2666667 0.6666667)
(1.8 0.2666667 0.6666667)
(1.866667 0.2666667 0.6666667)
(1.933333 0.2666667 0.6666667)
(2 0.2666667 0.6666667)
(1 0.3333333 0.6666667)
(1.066667 0.3333333 0.6666667)
(1.133333 0.3333333 0.6666667)
(1.2 0.3333333 0.6666667)
(1.266667 0.3333333 0.6666667)
(1.333333 0.3333333 0.6666667)
(1.4 0.3333333 0.6666667)
(1.466667 0.3333333 0.6666667)
(1.533333 0.3333333 0.6666667)
(1.6 0.3333333 0.6666667)
(1.666667 0.3333333 0.6666667)
(1.733333 0.3333333 0.6666667)
(1.8 0.3333333 0.6666667)
(1.866667 0.3333333 0.6666667)
(1.933333 0.3333333 0.6666667)
(2 0.3333333 0.6666667)
(1 0.4 0.6666667)
(1.066667 0.4 0.6666667)
(1.133333 0.4 0.6666667)
(1.2 0.4 0.6666667)
(1.266667 0.4 0.6666667)
(1.333333 0.4 0.6666667)
(1.4 0.4 0.6666667)
(1.466667 0.4 0.6666667)
(1.533333 0.4 0.6666667)
(1.6 0.4 0.6666667)
(1.666667 0.4 0.6666667)
(1.733333 0.4 0.6666667)
(1.8 0.4 0.6666667)
(1.866667 0.4 0.6666667)
(1.933333 0.4 0.6666667)
(2 0.4 0.6666667)
(1 0.4666667 0.6666667)
(1.066667 0.4666667 0.6666667)
(1.133333 0.4666667 0.6666667)
(1.2 0.4666667 0.6666667)
(1.266667 0.4666667 0.6666667)
(1.333333 0.4666667 0.6666667)
(1.4 0.4666667 0.6666667)
(1.466667 0.4666667 0.6666667)
(1.533333 0.4666667 0.6666667)
(1.6 0.4666667 0.6666667)
(1.666667 0.4666667 0.6666667)
(1.733333 0.4666667 0.6666667)
(1.8 0.4666667 0.6666667)
(1.866667 0.4666667 0.6666667)
(1.933333 0.4666667 0.6666667)
(2 0.4666667 0.6666667)
(1 0.5333333 0.6666667)
(1.066667 0.5333333 0.6666667)
(1.133333 0.5333333 0.6666667)
(1.2 0.5333333 0.6666667)
(1.266667 0.5333333 0.6666667)
(1.333333 0.5333333 0.6666667)
(1.4 0.5333333 0.6666667)
(1.466667 0.5333333 0.6666667)
(1.533333 0.5333333 0.6666667)
(1.6 0.5333333 0.6666667)
(1.666667 0.5333333 0.6666667)
(1.733333 0.5333333 0.6666667)
(1.8 0.5333333 0.6666667)
(1.866667 0.5333333 0.6666667)
(1.933333 0.5333333 0.6666667)
(2 0.5333333 0.6666667)
(1 0.6 0.6666667)
(1.066667 0.6 0.6666667)
(1.133333 0.6 0.6666667)
(1.2 0.6 0.6666667)
(1.266667 0.6 0.6666667)
(1.333333 0.6 0.6666667)
(1.4 0.6 0.6666667)
(1.466667 0.6 0.6666667)
(1.533333 0.6 0.6666667)
(1.6 0.6 0.6666667)
(1.666667 0.6 0.6666667)
(1.733333 0.6 0.6666667)
(1.8 0.6 0.6666667)
(1.866667 0.6 0.6666667)
(1.933333 0.6 0.6666667)
(2 0.6 0.6666667)
(1 0.6666667 0.6666667)
(1.066667 0.6666667 0.6666667)
(1.133333 0.6666667 0.6666667)
(1.2 0.6666667 0.6666667)
(1.266667 0.6666667 0.6666667)
(1.333333 0.6666667 0.6666667)
(1.4 0.6666667 0.6666667)
(1.466667 0.6666667 0.6666667)
(1.533333 0.6666667 0.6666667)
(1.6 0.6666667 0.6666667)
(1.666667 0.6666667 0.6666667)
(1.733333 0.6666667 0.6666667)
(1.8 0.6666667 0.6666667)
(1.866667 0.6666667 0.6666667)
(1.933333 0.6666667 0.6666667)
(2 0.6666667 0.6666667)
(1 0.7333333 0.6666667)
(1.066667 0.7333333 0.6666667)
(1.133333 0.7333333 0.6666667)
(1.2 0.7333333 0.6666667)
(1.266667 0.7333333 0.6666667)
(1.333333 0.7333333 0.6666667)
(1.4 0.7333333 0.6666667)
(1.466667 0.7333333 0.6666667)
(1.533333 0.7333333 0.6666667)
(1.6 0.7333333 0.6666667)
(1.666667 0.7333333 0.6666667)
(1.733333 0.7333333 0.6666667)
(1.8 0.7333333 0.6666667)
(1.866667 0.7333333 0.6666667)
(1.933333 0.7333333 0.6666667)
(2 0.7333333 0.6666667)
(1 0.8 0.6666667)
(1.066667 0.8 0.6666667)
(1.133333 0.8 0.6666667)
(1.2 0.8 0.6666667)
(1.266667 0.8 0.6666667)
(1.333333 0.8 0.6666667)
(1.4 0.8 0.6666667)
(1.466667 0.8 0.6666667)
(1.533333 0.8 0.6666667)
(1.6 0.8 0.6666667)
(1.666667 0.8 0.6666667)
(1.733333 0.8 0.6666667)
(1.8 0.8 0.6666667)
(1.866667 0.8 0.6666667)
(1.933333 0.8 0.6666667)
(2 0.8 0.6666667)
(1 0.8666667 0.6666667)
(1.066667 0.8666667 0.6666667)
(1.133333 0.8666667 0.6666667)
(1.2 0.8666667 0.6666667)
(1.266667 0.8666667 0.6666667)
(1.333333 0.8666667 0.6666667)
(1.4 0.8666667 0.6666667)
(1.466667 0.8666667 0.6666667)
(1.533333 0.8666667 0.6666667)
(1.6 0.8666667 0.6666667)
(1.666667 0.8666667 0.6666667)
(1.733333 0.8666667 0.6666667)
(1.8 0.8666667 0.6666667)
(1.866667 0.8666667 0.6666667)
(1.933333 0.8666667 0.6666667)
(2 0.8666667 0.6666667)
(1 0.9333333 0.6666667)
(1.066667 0.9333333 0.6666667)
(1.133333 0.9333333 0.6666667)
(1.2 0.9333333 0.6666667)
(1.266667 0.9333333 0.6666667)
(1.333333 0.9333333 0.6666667)
(1.4 0.9333333 0.6666667)
(1.466667 0.9333333 0.6666667)
(1.533333 0.9333333 0.6666667)
(1.6 0.9333333 0.6666667)
(1.666667 0.9333333 0.6666667)
(1.733333 0.9333333 0.6666667)
(1.8 0.9333333 0.6666667)
(1.866667 0.9333333 0.6666667)
(1.933333 0.9333333 0.6666667)
(2 0.9333333 0.6666667)
(1 1 0.6666667)
(1.066667 1 0.6666667)
(1.133333 1 0.6666667)
(1.2 1 0.6666667)
(1.266667 1 0.6666667)
(1.333333 1 0.6666667)
(1.4 1 0.6666667)
(1.466667 1 0.6666667)
(1.533333 1 0.6666667)
(1.6 1 0.6666667)
(1.666667 1 0.6666667)
(1.733333 1 0.6666667)
(1.8 1 0.6666667)
(1.866667 1 0.6666667)
(1.933333 1 0.6666667)
(2 1 0.6666667)
(1 0 0.7333333)
(1.066667 0 0.7333333)
(1.133333 0 0.7333333)
(1.2 0 0.7333333)
(1.266667 0 0.7333333)
(1.333333 0 0.7333333)
(1.4 0 0.7333333)
(1.466667 0 0.7333333)
(1.533333 0 0.7333333)
(1.6 0 0.7333333)
(1.666667 0 0.7333333)
(1.733333 0 0.7333333)
(1.8 0 0.7333333)
(1.866667 0 0.7333333)
(1.933333 0 0.7333333)
(2 0 0.7333333)
(1 0.06666667 0.7333333)
(1.066667 0.06666667 0.7333333)
(1.133333 0.06666667 0.7333333)
(1.2 0.06666667 0.7333333)
(1.266667 0.06666667 0.7333333)
(1.333333 0.06666667 0.7333333)
(1.4 0.06666667 0.7333333)
(1.466667 0.06666667 0.7333333)
(1.533333 0.06666667 0.7333333)
(1.6 0.06666667 0.7333333)
(1.666667 0.06666667 0.7333333)
(1.733333 0.06666667 0.7333333)
(1.8 0.06666667 0.7333333)
(1.866667 0.06666667 0.7333333)
(1.933333 0.06666667 0.7333333)
(2 0.06666667 0.7333333)
(1 0.1333333 0.7333333)
(1.066667 0.1333333 0.7333333)
(1.133333 0.1333333 0.7333333)
(1.2 0.1333333 0.7333333)
(1.266667 0.1333333 0.7333333)
(1.333333 0.1333333 0.7333333)
(1.4 0.1333333 0.7333333)
(1.466667 0.1333333 0.7333333)
(1.533333 0.1333333 0.7333333)
(1.6 0.1333333 0.7333333)
(1.666667 0.1333333 0.7333333)
(1.733333 0.1333333 0.7333333)
(1.8 0.1333333 0.7333333)
(1.866667 0.1333333 0.7333333)
(1.933333 0.1333333 0.7333333)
(2 0.1333333 0.7333333)
(1 0.2 0.7333333)
(1.066667 0.2 0.7333333)
(1.133333 0.2 0.7333333)
(1.2 0.2 0.7333333)
(1.266667 0.2 0.7333333)
(1.333333 0.2 0.7333333)
(1.4 0.2 0.7333333)
(1.466667 0.2 0.7333333)
(1.533333 0.2 0.7333333)
(1.6 0.2 0.7333333)
(1.666667 0.2 0.7333333)
(1.733333 0.2 0.7333333)
(1.8 0.2 0.7333333)
(1.866667 0.2 0.7333333)
(1.933333 0.2 0.7333333)
(2 0.2 0.7333333)
(1 0.2666667 0.7333333)
(1.066667 0.2666667 0.7333333)
(1.133333 0.2666667 0.7333333)
(1.2 0.2666667 0.7333333)
(1.266667 0.2666667 0.7333333)
(1.333333 0.2666667 0.7333333)
(1.4 0.2666667 0.7333333)
(1.466667 0.2666667 0.7333333)
(1.533333 0.2666667 0.7333333)
(1.6 0.2666667 0.7333333)
(1.666667 0.2666667 0.7333333)
(1.733333 0.2666667 0.7333333)
(1.8 0.2666667 0.7333333)
(1.866667 0.2666667 0.7333333)
(1.933333 0.2666667 0.7333333)
(2 0.2666667 0.7333333)
(1 0.3333333 0.7333333)
(1.066667 0.3333333 0.7333333)
(1.133333 0.3333333 0.7333333)
(1.2 0.3333333 0.7333333)
(1.266667 0.3333333 0.7333333)
(1.333333 0.3333333 0.7333333)
(1.4 0.3333333 0.7333333)
(1.466667 0.3333333 0.7333333)
(1.533333 0.3333333 0.7333333)
(1.6 0.3333333 0.7333333)
(1.666667 0.3333333 0.7333333)
(1.733333 0.3333333 0.7333333)
(1.8 0.3333333 0.7333333)
(1.866667 0.3333333 0.7333333)
(1.933333 0.3333333 0.7333333)
(2 0.3333333 0.7333333)
(1 0.4 0.7333333)
(1.066667 0.4 0.7333333)
(1.133333 0.4 0.7333333)
(1.2 0.4 0.7333333)
(1.266667 0.4 0.7333333)
(1.333333 0.4 0.7333333)
(1.4 0.4 0.7333333)
(1.466667 0.4 0.7333333)
(1.533333 0.4 0.7333333)
(1.6 0.4 0.7333333)
(1.666667 0.4 0.7333333)
(1.733333 0.4 0.7333333)
(1.8 0.4 0.7333333)
(1.866667 0.4 0.7333333)
(1.933333 0.4 0.7333333)
(2 0.4 0.7333333)
(1 0.4666667 0.7333333)
(1.066667 0.4666667 0.7333333)
(1.133333 0.4666667 0.7333333)
(1.2 0.4666667 0.7333333)
(1.266667 0.4666667 0.7333333)
(1.333333 0.4666667 0.7333333)
(1.4 0.4666667 0.7333333)
(1.466667 0.4666667 0.7333333)
(1.533333 0.4666667 0.7333333)
(1.6 0.4666667 0.7333333)
(1.666667 0.4666667 0.7333333)
(1.733333 0.4666667 0.7333333)
(1.8 0.4666667 0.7333333)
(1.866667 0.4666667 0.7333333)
(1.933333 0.4666667 0.7333333)
(2 0.4666667 0.7333333)
(1 0.5333333 0.7333333)
(1.066667 0.5333333 0.7333333)
(1.133333 0.5333333 0.7333333)
(1.2 0.5333333 0.7333333)
(1.266667 0.5333333 0.7333333)
(1.333333 0.5333333 0.7333333)
(1.4 0.5333333 0.7333333)
(1.466667 0.5333333 0.7333333)
(1.533333 0.5333333 0.7333333)
(1.6 0.5333333 0.7333333)
(1.666667 0.5333333 0.7333333)
(1.733333 0.5333333 0.7333333)
(1.8 0.5333333 0.7333333)
(1.866667 0.5333333 0.7333333)
(1.933333 0.5333333 0.7333333)
(2 0.5333333 0.7333333)
(1 0.6 0.7333333)
(1.066667 0.6 0.7333333)
(1.133333 0.6 0.7333333)
(1.2 0.6 0.7333333)
(1.266667 0.6 0.7333333)
(1.333333 0.6 0.7333333)
(1.4 0.6 0.7333333)
(1.466667 0.6 0.7333333)
(1.533333 0.6 0.7333333)
(1.6 0.6 0.7333333)
(1.666667 0.6 0.7333333)
(1.733333 0.6 0.7333333)
(1.8 0.6 0.7333333)
(1.866667 0.6 0.7333333)
(1.933333 0.6 0.7333333)
(2 0.6 0.7333333)
(1 0.6666667 0.7333333)
(1.066667 0.6666667 0.7333333)
(1.133333 0.6666667 0.7333333)
(1.2 0.6666667 0.7333333)
(1.266667 0.6666667 0.7333333)
(1.333333 0.6666667 0.7333333)
(1.4 0.6666667 0.7333333)
(1.466667 0.6666667 0.7333333)
(1.533333 0.6666667 0.7333333)
(1.6 0.6666667 0.7333333)
(1.666667 0.6666667 0.7333333)
(1.733333 0.6666667 0.7333333)
(1.8 0.6666667 0.7333333)
(1.866667 0.6666667 0.7333333)
(1.933333 0.6666667 0.7333333)
(2 0.6666667 0.7333333)
(1 0.7333333 0.7333333)
(1.066667 0.7333333 0.7333333)
(1.133333 0.7333333 0.7333333)
(1.2 0.7333333 0.7333333)
(1.266667 0.7333333 0.7333333)
(1.333333 0.7333333 0.7333333)
(1.4 0.7333333 0.7333333)
(1.466667 0.7333333 0.7333333)
(1.533333 0.7333333 0.7333333)
(1.6 0.7333333 0.7333333)
(1.666667 0.7333333 0.7333333)
(1.733333 0.7333333 0.7333333)
(1.8 0.7333333 0.7333333)
(1.866667 0.7333333 0.7333333)
(1.933333 0.7333333 0.7333333)
(2 0.7333333 0.7333333)
(1 0.8 0.7333333)
(1.066667 0.8 0.7333333)
(1.133333 0.8 0.7333333)
(1.2 0.8 0.7333333)
(1.266667 0.8 0.7333333)
(1.333333 0.8 0.7333333)
(1.4 0.8 0.7333333)
(1.466667 0.8 0.7333333)
(1.533333 0.8 0.7333333)
(1.6 0.8 0.7333333)
(1.666667 0.8 0.7333333)
(1.733333 0.8 0.7333333)
(1.8 0.8 0.7333333)
(1.866667 0.8 0.7333333)
(1.933333 0.8 0.7333333)
(2 0.8 0.7333333)
(1 0.8666667 0.7333333)
(1.066667 0.8666667 0.7333333)
(1.133333 0.8666667 0.7333333)
(1.2 0.8666667 0.7333333)
(1.266667 0.8666667 0.7333333)
(1.333333 0.8666667 0.7333333)
(1.4 0.8666667 0.7333333)
(1.466667 0.8666667 0.7333333)
(1.533333 0.8666667 0.7333333)
(1.6 0.8666667 0.7333333)
(1.666667 0.8666667 0.7333333)
(1.733333 0.8666667 0.7333333)
(1.8 0.8666667 0.7333333)
(1.866667 0.8666667 0.7333333)
(1.933333 0.8666667 0.7333333)
(2 0.8666667 0.7333333)
(1 0.9333333 0.7333333)
(1.066667 0.9333333 0.7333333)
(1.133333 0.9333333 0.7333333)
(1.2 0.9333333 0.7333333)
(1.266667 0.9333333 0.7333333)
(1.333333 0.9333333 0.7333333)
(1.4 0.9333333 0.7333333)
(1.466667 0.9333333 0.7333333)
(1.533333 0.9333333 0.7333333)
(1.6 0.9333333 0.7333333)
(1.666667 0.9333333 0.7333333)
(1.733333 0.9333333 0.7333333)
(1.8 0.9333333 0.7333333)
(1.866667 0.9333333 0.7333333)
(1.933333 0.9333333 0.7333333)
(2 0.9333333 0.7333333)
(1 1 0.7333333)
(1.066667 1 0.7333333)
(1.133333 1 0.7333333)
(1.2 1 0.7333333)
(1.266667 1 0.7333333)
(1.333333 1 0.7333333)
(1.4 1 0.7333333)
(1.466667 1 0.7333333)
(1.533333 1 0.7333333)
(1.6 1 0.7333333)
(1.666667 1 0.7333333)
(1.733333 1 0.7333333)
(1.8 1 0.7333333)
(1.866667 1 0.7333333)
(1.933333 1 0.7333333)
(2 1 0.7333333)
(1 0 0.8)
(1.066667 0 0.8)
(1.133333 0 0.8)
(1.2 0 0.8)
(1.266667 0 0.8)
(1.333333 0 0.8)
(1.4 0 0.8)
(1.466667 0 0.8)
(1.533333 0 0.8)
(1.6 0 0.8)
(1.666667 0 0.8)
(1.733333 0 0.8)
(1.8 0 0.8)
(1.866667 0 0.8)
(1.933333 0 0.8)
(2 0 0.8)
(1 0.06666667 0.8)
(1.066667 0.06666667 0.8)
(1.133333 0.06666667 0.8)
(1.2 0.06666667 0.8)
(1.266667 0.06666667 0.8)
(1.333333 0.06666667 0.8)
(1.4 0.06666667 0.8)
(1.466667 0.06666667 0.8)
(1.533333 0.06666667 0.8)
(1.6 0.06666667 0.8)
(1.666667 0.06666667 0.8)
(1.733333 0.06666667 0.8)
(1.8 0.06666667 0.8)
(1.866667 0.06666667 0.8)
(1.933333 0.06666667 0.8)
(2 0.06666667 0.8)
(1 0.1333333 0.8)
(1.066667 0.1333333 0.8)
(1.133333 0.1333333 0.8)
(1.2 0.1333333 0.8)
(1.266667 0.1333333 0.8)
(1.333333 0.1333333 0.8)
(1.4 0.1333333 0.8)
(1.466667 0.1333333 0.8)
(1.533333 0.1333333 0.8)
(1.6 0.1333333 0.8)
(1.666667 0.1333333 0.8)
(1.733333 0.1333333 0.8)
(1.8 0.1333333 0.8)
(1.866667 0.1333333 0.8)
(1.933333 0.1333333 0.8)
(2 0.1333333 0.8)
(1 0.2 0.8)
(1.066667 0.2 0.8)
(1.133333 0.2 0.8)
(1.2 0.2 0.8)
(1.266667 0.2 0.8)
(1.333333 0.2 0.8)
(1.4 0.2 0.8)
(1.466667 0.2 0.8)
(1.533333 0.2 0.8)
(1.6 0.2 0.8)
(1.666667 0.2 0.8)
(1.733333 0.2 0.8)
(1.8 0.2 0.8)
(1.866667 0.2 0.8)
(1.933333 0.2 0.8)
(2 0.2 0.8)
(1 0.2666667 0.8)
(1.066667 0.2666667 0.8)
(1.133333 0.2666667 0.8)
(1.2 0.2666667 0.8)
(1.266667 0.2666667 0.8)
(1.333333 0.2666667 0.8)
(1.4 0.2666667 0.8)
(1.466667 0.2666667 0.8)
(1.533333 0.2666667 0.8)
(1.6 0.2666667 0.8)
(1.666667 0.2666667 0.8)
(1.733333 0.2666667 0.8)
(1.8 0.2666667 0.8)
(1.866667 0.2666667 0.8)
(1.933333 0.2666667 0.8)
(2 0.2666667 0.8)
(1 0.3333333 0.8)
(1.066667 0.3333333 0.8)
(1.133333 0.3333333 0.8)
(1.2 0.3333333 0.8)
(1.266667 0.3333333 0.8)
(1.333333 0.3333333 0.8)
(1.4 0.3333333 0.8)
(1.466667 0.3333333 0.8)
(1.533333 0.3333333 0.8)
(1.6 0.3333333 0.8)
(1.666667 0.3333333 0.8)
(1.733333 0.3333333 0.8)
(1.8 0.3333333 0.8)
(1.866667 0.3333333 0.8)
(1.933333 0.3333333 0.8)
(2 0.3333333 0.8)
(1 0.4 0.8)
(1.066667 0.4 0.8)
(1.133333 0.4 0.8)
(1.2 0.4 0.8)
(1.266667 0.4 0.8)
(1.333333 0.4 0.8)
(1.4 0.4 0.8)
(1.466667 0.4 0.8)
(1.533333 0.4 0.8)
(1.6 0.4 0.8)
(1.666667 0.4 0.8)
(1.733333 0.4 0.8)
(1.8 0.4 0.8)
(1.866667 0.4 0.8)
(1.933333 0.4 0.8)
(2 0.4 0.8)
(1 0.4666667 0.8)
(1.066667 0.4666667 0.8)
(1.133333 0.4666667 0.8)
(1.2 0.4666667 0.8)
(1.266667 0.4666667 0.8)
(1.333333 0.4666667 0.8)
(1.4 0.4666667 0.8)
(1.466667 0.4666667 0.8)
(1.533333 0.4666667 0.8)
(1.6 0.4666667 0.8)
(1.666667 0.4666667 0.8)
(1.733333 0.4666667 0.8)
(1.8 0.4666667 0.8)
(1.866667 0.4666667 0.8)
(1.933333 0.4666667 0.8)
(2 0.4666667 0.8)
(1 0.5333333 0.8)
(1.066667 0.5333333 0.8)
(1.133333 0.5333333 0.8)
(1.2 0.5333333 0.8)
(1.266667 0.5333333 0.8)
(1.333333 0.5333333 0.8)
(1.4 0.5333333 0.8)
(1.466667 0.5333333 0.8)
(1.533333 0.5333333 0.8)
(1.6 0.5333333 0.8)
(1.666667 0.5333333 0.8)
(1.733333 0.5333333 0.8)
(1.8 0.5333333 0.8)
(1.866667 0.5333333 0.8)
(1.933333 0.5333333 0.8)
(2 0.5333333 0.8)
(1 0.6 0.8)
(1.066667 0.6 0.8)
(1.133333 0.6 0.8)
(1.2 0.6 0.8)
(1.266667 0.6 0.8)
(1.333333 0.6 0.8)
(1.4 0.6 0.8)
(1.466667 0.6 0.8)
(1.533333 0.6 0.8)
(1.6 0.6 0.8)
(1.666667 0.6 0.8)
(1.733333 0.6 0.8)
(1.8 0.6 0.8)
(1.866667 0.6 0.8)
(1.933333 0.6 0.8)
(2 0.6 0.8)
(1 0.6666667 0.8)
(1.066667 0.6666667 0.8)
(1.133333 0.6666667 0.8)
(1.2 0.6666667 0.8)
(1.266667 0.6666667 0.8)
(1.333333 0.6666667 0.8)
(1.4 0.6666667 0.8)
(1.466667 0.6666667 0.8)
(1.533333 0.6666667 0.8)
(1.6 0.6666667 0.8)
(1.666667 0.6666667 0.8)
(1.733333 0.6666667 0.8)
(1.8 0.6666667 0.8)
(1.866667 0.6666667 0.8)
(1.933333 0.6666667 0.8)
(2 0.6666667 0.8)
(1 0.7333333 0.8)
(1.066667 0.7333333 0.8)
(1.133333 0.7333333 0.8)
(1.2 0.7333333 0.8)
(1.266667 0.7333333 0.8)
(1.333333 0.7333333 0.8)
(1.4 0.7333333 0.8)
(1.466667 0.7333333 0.8)
(1.533333 0.7333333 0.8)
(1.6 0.7333333 0.8)
(1.666667 0.7333333 0.8)
(1.733333 0.7333333 0.8)
(1.8 0.7333333 0.8)
(1.866667 0.7333333 0.8)
(1.933333 0.7333333 0.8)
(2 0.7333333 0.8)
(1 0.8 0.8)
(1.066667 0.8 0.8)
(1.133333 0.8 0.8)
(1.2 0.8 0.8)
(1.266667 0.8 0.8)
(1.333333 0.8 0.8)
(1.4 0.8 0.8)
(1.466667 0.8 0.8)
(1.533333 0.8 0.8)
(1.6 0.8 0.8)
(1.666667 0.8 0.8)
(1.733333 0.8 0.8)
(1.8 0.8 0.8)
(1.866667 0.8 0.8)
(1.933333 0.8 0.8)
(2 0.8 0.8)
(1 0.8666667 0.8)
(1.066667 0.8666667 0.8)
(1.133333 0.8666667 0.8)
(1.2 0.8666667 0.8)
(1.266667 0.8666667 0.8)
(1.333333 0.8666667 0.8)
(1.4 0.8666667 0.8)
(1.466667 0.8666667 0.8)
(1.533333 0.8666667 0.8)
(1.6 0.8666667 0.8)
(1.666667 0.8666667 0.8)
(1.733333 0.8666667 0.8)
(1.8 0.8666667 0.8)
(1.866667 0.8666667 0.8)
(1.933333 0.8666667 0.8)
(2 0.8666667 0.8)
(1 0.9333333 0.8)
(1.066667 0.9333333 0.8)
(1.133333 0.9333333 0.8)
(1.2 0.9333333 0.8)
(1.266667 0.9333333 0.8)
(1.333333 0.9333333 0.8)
(1.4 0.9333333 0.8)
(1.466667 0.9333333 0.8)
(1.533333 0.9333333 0.8)
(1.6 0.9333333 0.8)
(1.666667 0.9333333 0.8)
(1.733333 0.9333333 0.8)
(1.8 0.9333333 0.8)
(1.866667 0.9333333 0.8)
(1.933333 0.9333333 0.8)
(2 0.9333333 0.8)
(1 1 0.8)
(1.066667 1 0.8)
(1.133333 1 0.8)
(1.2 1 0.8)
(1.266667 1 0.8)
(1.333333 1 0.8)
(1.4 1 0.8)
(1.466667 1 0.8)
(1.533333 1 0.8)
(1.6 1 0.8)
(1.666667 1 0.8)
(1.733333 1 0.8)
(1.8 1 0.8)
(1.866667 1 0.8)
(1.933333 1 0.8)
(2 1 0.8)
(1 0 0.8666667)
(1.066667 0 0.8666667)
(1.133333 0 0.8666667)
(1.2 0 0.8666667)
(1.266667 0 0.8666667)
(1.333333 0 0.8666667)
(1.4 0 0.8666667)
(1.466667 0 0.8666667)
(1.533333 0 0.8666667)
(1.6 0 0.8666667)
(1.666667 0 0.8666667)
(1.733333 0 0.8666667)
(1.8 0 0.8666667)
(1.866667 0 0.8666667)
(1.933333 0 0.8666667)
(2 0 0.8666667)
(1 0.06666667 0.8666667)
(1.066667 0.06666667 0.8666667)
(1.133333 0.06666667 0.8666667)
(1.2 0.06666667 0.8666667)
(1.266667 0.06666667 0.8666667)
(1.333333 0.06666667 0.8666667)
(1.4 0.06666667 0.8666667)
(1.466667 0.06666667 0.8666667)
(1.533333 0.06666667 0.8666667)
(1.6 0.06666667 0.8666667)
(1.666667 0.06666667 0.8666667)
(1.733333 0.06666667 0.8666667)
(1.8 0.06666667 0.8666667)
(1.866667 0.06666667 0.8666667)
(1.933333 0.06666667 0.8666667)
(2 0.06666667 0.8666667)
(1 0.1333333 0.8666667)
(1.066667 0.1333333 0.8666667)
(1.133333 0.1333333 0.8666667)
(1.2 0.1333333 0.8666667)
(1.266667 0.1333333 0.8666667)
(1.333333 0.1333333 0.8666667)
(1.4 0.1333333 0.8666667)
(1.466667 0.1333333 0.8666667)
(1.533333 0.1333333 0.8666667)
(1.6 0.1333333 0.8666667)
(1.666667 0.1333333 0.8666667)
(1.733333 0.1333333 0.8666667)
(1.8 0.1333333 0.8666667)
(1.866667 0.1333333 0.8666667)
(1.933333 0.1333333 0.8666667)
(2 0.1333333 0.8666667)
(1 0.2 0.8666667)
(1.066667 0.2 0.8666667)
(1.133333 0.2 0.8666667)
(1.2 0.2 0.8666667)
(1.266667 0.2 0.8666667)
(1.333333 0.2 0.8666667)
(1.4 0.2 0.8666667)
(1.466667 0.2 0.8666667)
(1.533333 0.2 0.8666667)
(1.6 0.2 0.8666667)
(1.666667 0.2 0.8666667)
(1.733333 0.2 0.8666667)
(1.8 0.2 0.8666667)
(1.866667 0.2 0.8666667)
(1.933333 0.2 0.8666667)
(2 0.2 0.8666667)
(1 0.2666667 0.8666667)
(1.066667 0.2666667 0.8666667)
(1.133333 0.2666667 0.8666667)
(1.2 0.2666667 0.8666667)
(1.266667 0.2666667 0.8666667)
(1.333333 0.2666667 0.8666667)
(1.4 0.2666667 0.8666667)
(1.466667 0.2666667 0.8666667)
(1.533333 0.2666667 0.8666667)
(1.6 0.2666667 0.8666667)
(1.666667 0.2666667 0.8666667)
(1.733333 0.2666667 0.8666667)
(1.8 0.2666667 0.8666667)
(1.866667 0.2666667 0.8666667)
(1.933333 0.2666667 0.8666667)
(2 0.2666667 0.8666667)
(1 0.3333333 0.8666667)
(1.066667 0.3333333 0.8666667)
(1.133333 0.3333333 0.8666667)
(1.2 0.3333333 0.8666667)
(1.266667 0.3333333 0.8666667)
(1.333333 0.3333333 0.8666667)
(1.4 0.3333333 0.8666667)
(1.466667 0.3333333 0.8666667)
(1.533333 0.3333333 0.8666667)
(1.6 0.3333333 0.8666667)
(1.666667 0.3333333 0.8666667)
(1.733333 0.3333333 0.8666667)
(1.8 0.3333333 0.8666667)
(1.866667 0.3333333 0.8666667)
(1.933333 0.3333333 0.8666667)
(2 0.3333333 0.8666667)
(1 0.4 0.8666667)
(1.066667 0.4 0.8666667)
(1.133333 0.4 0.8666667)
(1.2 0.4 0.8666667)
(1.266667 0.4 0.8666667)
(1.333333 0.4 0.8666667)
(1.4 0.4 0.8666667)
(1.466667 0.4 0.8666667)
(1.533333 0.4 0.8666667)
(1.6 0.4 0.8666667)
(1.666667 0.4 0.8666667)
(1.733333 0.4 0.8666667)
(1.8 0.4 0.8666667)
(1.866667 0.4 0.8666667)
(1.933333 0.4 0.8666667)
(2 0.4 0.8666667)
(1 0.4666667 0.8666667)
(1.066667 0.4666667 0.8666667)
(1.133333 0.4666667 0.8666667)
(1.2 0.4666667 0.8666667)
(1.266667 0.4666667 0.8666667)
(1.333333 0.4666667 0.8666667)
(1.4 0.4666667 0.8666667)
(1.466667 0.4666667 0.8666667)
(1.533333 0.4666667 0.8666667)
(1.6 0.4666667 0.8666667)
(1.666667 0.4666667 0.8666667)
(1.733333 0.4666667 0.8666667)
(1.8 0.4666667 0.8666667)
(1.866667 0.4666667 0.8666667)
(1.933333 0.4666667 0.8666667)
(2 0.4666667 0.8666667)
(1 0.5333333 0.8666667)
(1.066667 0.5333333 0.8666667)
(1.133333 0.5333333 0.8666667)
(1.2 0.5333333 0.8666667)
(1.266667 0.5333333 0.8666667)
(1.333333 0.5333333 0.8666667)
(1.4 0.5333333 0.8666667)
(1.466667 0.5333333 0.8666667)
(1.533333 0.5333333 0.8666667)
(1.6 0.5333333 0.8666667)
(1.666667 0.5333333 0.8666667)
(1.733333 0.5333333 0.8666667)
(1.8 0.5333333 0.8666667)
(1.866667 0.5333333 0.8666667)
(1.933333 0.5333333 0.8666667)
(2 0.5333333 0.8666667)
(1 0.6 0.8666667)
(1.066667 0.6 0.8666667)
(1.133333 0.6 0.8666667)
(1.2 0.6 0.8666667)
(1.266667 0.6 0.8666667)
(1.333333 0.6 0.8666667)
(1.4 0.6 0.8666667)
(1.466667 0.6 0.8666667)
(1.533333 0.6 0.8666667)
(1.6 0.6 0.8666667)
(1.666667 0.6 0.8666667)
(1.733333 0.6 0.8666667)
(1.8 0.6 0.8666667)
(1.866667 0.6 0.8666667)
(1.933333 0.6 0.8666667)
(2 0.6 0.8666667)
(1 0.6666667 0.8666667)
(1.066667 0.6666667 0.8666667)
(1.133333 0.6666667 0.8666667)
(1.2 0.6666667 0.8666667)
(1.266667 0.6666667 0.8666667)
(1.333333 0.6666667 0.8666667)
(1.4 0.6666667 0.8666667)
(1.466667 0.6666667 0.8666667)
(1.533333 0.6666667 0.8666667)
(1.6 0.6666667 0.8666667)
(1.666667 0.6666667 0.8666667)
(1.733333 0.6666667 0.8666667)
(1.8 0.6666667 0.8666667)
(1.866667 0.6666667 0.8666667)
(1.933333 0.6666667 0.8666667)
(2 0.6666667 0.8666667)
(1 0.7333333 0.8666667)
(1.066667 0.7333333 0.8666667)
(1.133333 0.7333333 0.8666667)
(1.2 0.7333333 0.8666667)
(1.266667 0.7333333 0.8666667)
(1.333333 0.7333333 0.8666667)
(1.4 0.7333333 0.8666667)
(1.466667 0.7333333 0.8666667)
(1.533333 0.7333333 0.8666667)
(1.6 0.7333333 0.8666667)
(1.666667 0.7333333 0.8666667)
(1.733333 0.7333333 0.8666667)
(1.8 0.7333333 0.8666667)
(1.866667 0.7333333 0.8666667)
(1.933333 0.7333333 0.8666667)
(2 0.7333333 0.8666667)
(1 0.8 0.8666667)
(1.066667 0.8 0.8666667)
(1.133333 0.8 0.8666667)
(1.2 0.8 0.8666667)
(1.266667 0.8 0.8666667)
(1.333333 0.8 0.8666667)
(1.4 0.8 0.8666667)
(1.466667 0.8 0.8666667)
(1.533333 0.8 0.8666667)
(1.6 0.8 0.8666667)
(1.666667 0.8 0.8666667)
(1.733333 0.8 0.8666667)
(1.8 0.8 0.8666667)
(1.866667 0.8 0.8666667)
(1.933333 0.8 0.8666667)
(2 0.8 0.8666667)
(1 0.8666667 0.8666667)
(1.066667 0.8666667 0.8666667)
(1.133333 0.8666667 0.8666667)
(1.2 0.8666667 0.8666667)
(1.266667 0.8666667 0.8666667)
(1.333333 0.8666667 0.8666667)
(1.4 0.8666667 0.8666667)
(1.466667 0.8666667 0.8666667)
(1.533333 0.8666667 0.8666667)
(1.6 0.8666667 0.8666667)
(1.666667 0.8666667 0.8666667)
(1.733333 0.8666667 0.8666667)
(1.8 0.8666667 0.8666667)
(1.866667 0.8666667 0.8666667)
(1.933333 0.8666667 0.8666667)
(2 0.8666667 0.8666667)
(1 0.9333333 0.8666667)
(1.066667 0.9333333 0.8666667)
(1.133333 0.9333333 0.8666667)
(1.2 0.9333333 0.8666667)
(1.266667 0.9333333 0.8666667)
(1.333333 0.9333333 0.8666667)
(1.4 0.9333333 0.8666667)
(1.466667 0.9333333 0.8666667)
(1.533333 0.9333333 0.8666667)
(1.6 0.9333333 0.8666667)
(1.666667 0.9333333 0.8666667)
(1.733333 0.9333333 0.8666667)
(1.8 0.9333333 0.8666667)
(1.866667 0.9333333 0.8666667)
(1.933333 0.9333333 0.8666667)
(2 0.9333333 0.8666667)
(1 1 0.8666667)
(1.066667 1 0.8666667)
(1.133333 1 0.8666667)
(1.2 1 0.8666667)
(1.266667 1 0.8666667)
(1.333333 1 0.8666667)
(1.4 1 0.8666667)
(1.466667 1 0.8666667)
(1.533333 1 0.8666667)
(1.6 1 0.8666667)
(1.666667 1 0.8666667)
(1.733333 1 0.8666667)
(1.8 1 0.8666667)
(1.866667 1 0.8666667)
(1.933333 1 0.8666667)
(2 1 0.8666667)
(1 0 0.9333333)
(1.066667 0 0.9333333)
(1.133333 0 0.9333333)
(1.2 0 0.9333333)
(1.266667 0 0.9333333)
(1.333333 0 0.9333333)
(1.4 0 0.9333333)
(1.466667 0 0.9333333)
(1.533333 0 0.9333333)
(1.6 0 0.9333333)
(1.666667 0 0.9333333)
(1.733333 0 0.9333333)
(1.8 0 0.9333333)
(1.866667 0 0.9333333)
(1.933333 0 0.9333333)
(2 0 0.9333333)
(1 0.06666667 0.9333333)
(1.066667 0.06666667 0.9333333)
(1.133333 0.06666667 0.9333333)
(1.2 0.06666667 0.9333333)
(1.266667 0.06666667 0.9333333)
(1.333333 0.06666667 0.9333333)
(1.4 0.06666667 0.9333333)
(1.466667 0.06666667 0.9333333)
(1.533333 0.06666667 0.9333333)
(1.6 0.06666667 0.9333333)
(1.666667 0.06666667 0.9333333)
(1.733333 0.06666667 0.9333333)
(1.8 0.06666667 0.9333333)
(1.866667 0.06666667 0.9333333)
(1.933333 0.06666667 0.9333333)
(2 0.06666667 0.9333333)
(1 0.1333333 0.9333333)
(1.066667 0.1333333 0.9333333)
(1.133333 0.1333333 0.9333333)
(1.2 0.1333333 0.9333333)
(1.266667 0.1333333 0.9333333)
(1.333333 0.1333333 0.9333333)
(1.4 0.1333333 0.9333333)
(1.466667 0.1333333 0.9333333)
(1.533333 0.1333333 0.9333333)
(1.6 0.1333333 0.9333333)
(1.666667 0.1333333 0.9333333)
(1.733333 0.1333333 0.9333333)
(1.8 0.1333333 0.9333333)
(1.866667 0.1333333 0.9333333)
(1.933333 0.1333333 0.9333333)
(2 0.1333333 0.9333333)
(1 0.2 0.9333333)
(1.066667 0.2 0.9333333)
(1.133333 0.2 0.9333333)
(1.2 0.2 0.9333333)
(1.266667 0.2 0.9333333)
(1.333333 0.2 0.9333333)
(1.4 0.2 0.9333333)
(1.466667 0.2 0.9333333)
(1.533333 0.2 0.9333333)
(1.6 0.2 0.9333333)
(1.666667 0.2 0.9333333)
(1.733333 0.2 0.9333333)
(1.8 0.2 0.9333333)
(1.866667 0.2 0.9333333)
(1.933333 0.2 0.9333333)
(2 0.2 0.9333333)
(1 0.2666667 0.9333333)
(1.066667 0.2666667 0.9333333)
(1.133333 0.2666667 0.9333333)
(1.2 0.2666667 0.9333333)
(1.266667 0.2666667 0.9333333)
(1.333333 0.2666667 0.9333333)
(1.4 0.2666667 0.9333333)
(1.466667 0.2666667 0.9333333)
(1.533333 0.2666667 0.9333333)
(1.6 0.2666667 0.9333333)
(1.666667 0.2666667 0.9333333)
(1.733333 0.2666667 0.9333333)
(1.8 0.2666667 0.9333333)
(1.866667 0.2666667 0.9333333)
(1.933333 0.2666667 0.9333333)
(2 0.2666667 0.9333333)
(1 0.3333333 0.9333333)
(1.066667 0.3333333 0.9333333)
(1.133333 0.3333333 0.9333333)
(1.2 0.3333333 0.9333333)
(1.266667 0.3333333 0.9333333)
(1.333333 0.3333333 0.9333333)
(1.4 0.3333333 0.9333333)
(1.466667 0.3333333 0.9333333)
(1.533333 0.3333333 0.9333333)
(1.6 0.3333333 0.9333333)
(1.666667 0.3333333 0.9333333)
(1.733333 0.3333333 0.9333333)
(1.8 0.3333333 0.9333333)
(1.866667 0.3333333 0.9333333)
(1.933333 0.3333333 0.9333333)
(2 0.3333333 0.9333333)
(1 0.4 0.9333333)
(1.066667 0.4 0.9333333)
(1.133333 0.4 0.9333333)
(1.2 0.4 0.9333333)
(1.266667 0.4 0.9333333)
(1.333333 0.4 0.9333333)
(1.4 0.4 0.9333333)
(1.466667 0.4 0.9333333)
(1.533333 0.4 0.9333333)
(1.6 0.4 0.9333333)
(1.666667 0.4 0.9333333)
(1.733333 0.4 0.9333333)
(1.8 0.4 0.9333333)
(1.866667 0.4 0.9333333)
(1.933333 0.4 0.9333333)
(2 0.4 0.9333333)
(1 0.4666667 0.9333333)
(1.066667 0.4666667 0.9333333)
(1.133333 0.4666667 0.9333333)
(1.2 0.4666667 0.9333333)
(1.266667 0.4666667 0.9333333)
(1.333333 0.4666667 0.9333333)
(1.4 0.4666667 0.9333333)
(1.466667 0.4666667 0.9333333)
(1.533333 0.4666667 0.9333333)
(1.6 0.4666667 0.9333333)
(1.666667 0.4666667 0.9333333)
(1.733333 0.4666667 0.9333333)
(1.8 0.4666667 0.9333333)
(1.866667 0.4666667 0.9333333)
(1.933333 0.4666667 0.9333333)
(2 0.4666667 0.9333333)
(1 0.5333333 0.9333333)
(1.066667 0.5333333 0.9333333)
(1.133333 0.5333333 0.9333333)
(1.2 0.5333333 0.9333333)
(1.266667 0.5333333 0.9333333)
(1.333333 0.5333333 0.9333333)
(1.4 0.5333333 0.9333333)
(1.466667 0.5333333 0.9333333)
(1.533333 0.5333333 0.9333333)
(1.6 0.5333333 0.9333333)
(1.666667 0.5333333 0.9333333)
(1.733333 0.5333333 0.9333333)
(1.8 0.5333333 0.9333333)
(1.866667 0.5333333 0.9333333)
(1.933333 0.5333333 0.9333333)
(2 0.5333333 0.9333333)
(1 0.6 0.9333333)
(1.066667 0.6 0.9333333)
(1.133333 0.6 0.9333333)
(1.2 0.6 0.9333333)
(1.266667 0.6 0.9333333)
(1.333333 0.6 0.9333333)
(1.4 0.6 0.9333333)
(1.466667 0.6 0.9333333)
(1.533333 0.6 0.9333333)
(1.6 0.6 0.9333333)
(1.666667 0.6 0.9333333)
(1.733333 0.6 0.9333333)
(1.8 0.6 0.9333333)
(1.866667 0.6 0.9333333)
(1.933333 0.6 0.9333333)
(2 0.6 0.9333333)
(1 0.6666667 0.9333333)
(1.066667 0.6666667 0.9333333)
(1.133333 0.6666667 0.9333333)
(1.2 0.6666667 0.9333333)
(1.266667 0.6666667 0.9333333)
(1.333333 0.6666667 0.9333333)
(1.4 0.6666667 0.9333333)
(1.466667 0.6666667 0.9333333)
(1.533333 0.6666667 0.9333333)
(1.6 0.6666667 0.9333333)
(1.666667 0.6666667 0.9333333)
(1.733333 0.6666667 0.9333333)
(1.8 0.6666667 0.9333333)
(1.866667 0.6666667 0.9333333)
(1.933333 0.6666667 0.9333333)
(2 0.6666667 0.9333333)
(1 0.7333333 0.9333333)
(1.066667 0.7333333 0.9333333)
(1.133333 0.7333333 0.9333333)
(1.2 0.7333333 0.9333333)
(1.266667 0.7333333 0.9333333)
(1.333333 0.7333333 0.9333333)
(1.4 0.7333333 0.9333333)
(1.466667 0.7333333 0.9333333)
(1.533333 0.7333333 0.9333333)
(1.6 0.7333333 0.9333333)
(1.666667 0.7333333 0.9333333)
(1.733333 0.7333333 0.9333333)
(1.8 0.7333333 0.9333333)
(1.866667 0.7333333 0.9333333)
(1.933333 0.7333333 0.9333333)
(2 0.7333333 0.9333333)
(1 0.8 0.9333333)
(1.066667 0.8 0.9333333)
(1.133333 0.8 0.9333333)
(1.2 0.8 0.9333333)
(1.266667 0.8 0.9333333)
(1.333333 0.8 0.9333333)
(1.4 0.8 0.9333333)
(1.466667 0.8 0.9333333)
(1.533333 0.8 0.9333333)
(1.6 0.8 0.9333333)
(1.666667 0.8 0.9333333)
(1.733333 0.8 0.9333333)
(1.8 0.8 0.9333333)
(1.866667 0.8 0.9333333)
(1.933333 0.8 0.9333333)
(2 0.8 0.9333333)
(1 0.8666667 0.9333333)
(1.066667 0.8666667 0.9333333)
(1.133333 0.8666667 0.9333333)
(1.2 0.8666667 0.9333333)
(1.266667 0.8666667 0.9333333)
(1.333333 0.8666667 0.9333333)
(1.4 0.8666667 0.9333333)
(1.466667 0.8666667 0.9333333)
(1.533333 0.8666667 0.9333333)
(1.6 0.8666667 0.9333333)
(1.666667 0.8666667 0.9333333)
(1.733333 0.8666667 0.9333333)
(1.8 0.8666667 0.9333333)
(1.866667 0.8666667 0.9333333)
(1.933333 0.8666667 0.9333333)
(2 0.8666667 0.9333333)
(1 0.9333333 0.9333333)
(1.066667 0.9333333 0.9333333)
(1.133333 0.9333333 0.9333333)
(1.2 0.9333333 0.9333333)
(1.266667 0.9333333 0.9333333)
(1.333333 0.9333333 0.9333333)
(1.4 0.9333333 0.9333333)
(1.466667 0.9333333 0.9333333)
(1.533333 0.9333333 0.9333333)
(1.6 0.9333333 0.9333333)
(1.666667 0.9333333 0.9333333)
(1.733333 0.9333333 0.9333333)
(1.8 0.9333333 0.9333333)
(1.866667 0.9333333 0.9333333)
(1.933333 0.9333333 0.9333333)
(2 0.9333333 0.9333333)
(1 1 0.9333333)
(1.066667 1 0.9333333)
(1.133333 1 0.9333333)
(1.2 1 0.9333333)
(1.266667 1 0.9333333)
(1.333333 1 0.9333333)
(1.4 1 0.9333333)
(1.466667 1 0.9333333)
(1.533333 1 0.9333333)
(1.6 1 0.9333333)
(1.666667 1 0.9333333)
(1.733333 1 0.9333333)
(1.8 1 0.9333333)
(1.866667 1 0.9333333)
(1.933333 1 0.9333333)
(2 1 0.9333333)
(1 0 1)
(1.066667 0 1)
(1.133333 0 1)
(1.2 0 1)
(1.266667 0 1)
(1.333333 0 1)
(1.4 0 1)
(1.466667 0 1)
(1.533333 0 1)
(1.6 0 1)
(1.666667 0 1)
(1.733333 0 1)
(1.8 0 1)
(1.866667 0 1)
(1.933333 0 1)
(2 0 1)
(1 0.06666667 1)
(1.066667 0.06666667 1)
(1.133333 0.06666667 1)
(1.2 0.06666667 1)
(1.266667 0.06666667 1)
(1.333333 0.06666667 1)
(1.4 0.06666667 1)
(1.466667 0.06666667 1)
(1.533333 0.06666667 1)
(1.6 0.06666667 1)
(1.666667 0.06666667 1)
(1.733333 0.06666667 1)
(1.8 0.06666667 1)
(1.866667 0.06666667 1)
(1.933333 0.06666667 1)
(2 0.06666667 1)
(1 0.1333333 1)
(1.066667 0.1333333 1)
(1.133333 0.1333333 1)
(1.2 0.1333333 1)
(1.266667 0.1333333 1)
(1.333333 0.1333333 1)
(1.4 0.1333333 1)
(1.466667 0.1333333 1)
(1.533333 0.1333333 1)
(1.6 0.1333333 1)
(1.666667 0.1333333 1)
(1.733333 0.1333333 1)
(1.8 0.1333333 1)
(1.866667 0.1333333 1)
(1.933333 0.1333333 1)
(2 0.1333333 1)
(1 0.2 1)
(1.066667 0.2 1)
(1.133333 0.2 1)
(1.2 0.2 1)
(1.266667 0.2 1)
(1.333333 0.2 1)
(1.4 0.2 1)
(1.466667 0.2 1)
(1.533333 0.2 1)
(1.6 0.2 1)
(1.666667 0.2 1)
(1.733333 0.2 1)
(1.8 0.2 1)
(1.866667 0.2 1)
(1.933333 0.2 1)
(2 0.2 1)
(1 0.2666667 1)
(1.066667 0.2666667 1)
(1.133333 0.2666667 1)
(1.2 0.2666667 1)
(1.266667 0.2666667 1)
(1.333333 0.2666667 1)
(1.4 0.2666667 1)
(1.466667 0.2666667 1)
(1.533333 0.2666667 1)
(1.6 0.2666667 1)
(1.666667 0.2666667 1)
(1.733333 0.2666667 1)
(1.8 0.2666667 1)
(1.866667 0.2666667 1)
(1.933333 0.2666667 1)
(2 0.2666667 1)
(1 0.3333333 1)
(1.066667 0.3333333 1)
(1.133333 0.3333333 1)
(1.2 0.3333333 1)
(1.266667 0.3333333 1)
(1.333333 0.3333333 1)
(1.4 0.3333333 1)
(1.466667 0.3333333 1)
(1.533333 0.3333333 1)
(1.6 0.3333333 1)
(1.666667 0.3333333 1)
(1.733333 0.3333333 1)
(1.8 0.3333333 1)
(1.866667 0.3333333 1)
(1.933333 0.3333333 1)
(2 0.3333333 1)
(1 0.4 1)
(1.066667 0.4 1)
(1.133333 0.4 1)
(1.2 0.4 1)
(1.266667 0.4 1)
(1.333333 0.4 1)
(1.4 0.4 1)
(1.466667 0.4 1)
(1.533333 0.4 1)
(1.6 0.4 1)
(1.666667 0.4 1)
(1.733333 0.4 1)
(1.8 0.4 1)
(1.866667 0.4 1)
(1.933333 0.4 1)
(2 0.4 1)
(1 0.4666667 1)
(1.066667 0.4666667 1)
(1.133333 0.4666667 1)
(1.2 0.4666667 1)
(1.266667 0.4666667 1)
(1.333333 0.4666667 1)
(1.4 0.4666667 1)
(1.466667 0.4666667 1)
(1.533333 0.4666667 1)
(1.6 0.4666667 1)
(1.666667 0.4666667 1)
(1.733333 0.4666667 1)
(1.8 0.4666667 1)
(1.866667 0.4666667 1)
(1.933333 0.4666667 1)
(2 0.4666667 1)
(1 0.5333333 1)
(1.066667 0.5333333 1)
(1.133333 0.5333333 1)
(1.2 0.5333333 1)
(1.266667 0.5333333 1)
(1.333333 0.5333333 1)
(1.4 0.5333333 1)
(1.466667 0.5333333 1)
(1.533333 0.5333333 1)
(1.6 0.5333333 1)
(1.666667 0.5333333 1)
(1.733333 0.5333333 1)
(1.8 0.5333333 1)
(1.866667 0.5333333 1)
(1.933333 0.5333333 1)
(2 0.5333333 1)
(1 0.6 1)
(1.066667 0.6 1)
(1.133333 0.6 1)
(1.2 0.6 1)
(1.266667 0.6 1)
(1.333333 0.6 1)
(1.4 0.6 1)
(1.466667 0.6 1)
(1.533333 0.6 1)
(1.6 0.6 1)
(1.666667 0.6 1)
(1.733333 0.6 1)
(1.8 0.6 1)
(1.866667 0.6 1)
(1.933333 0.6 1)
(2 0.6 1)
(1 0.6666667 1)
(1.066667 0.6666667 1)
(1.133333 0.6666667 1)
(1.2 0.6666667 1)
(1.266667 0.6666667 1)
(1.333333 0.6666667 1)
(1.4 0.6666667 1)
(1.466667 0.6666667 1)
(1.533333 0.6666667 1)
(1.6 0.6666667 1)
(1.666667 0.6666667 1)
(1.733333 0.6666667 1)
(1.8 0.6666667 1)
(1.866667 0.6666667 1)
(1.933333 0.6666667 1)
(2 0.6666667 1)
(1 0.7333333 1)
(1.066667 0.7333333 1)
(1.133333 0.7333333 1)
(1.2 0.7333333 1)
(1.266667 0.7333333 1)
(1.333333 0.7333333 1)
(1.4 0.7333333 1)
(1.466667 0.7333333 1)
(1.533333 0.7333333 1)
(1.6 0.7333333 1)
(1.666667 0.7333333 1)
(1.733333 0.7333333 1)
(1.8 0.7333333 1)
(1.866667 0.7333333 1)
(1.933333 0.7333333 1)
(2 0.7333333 1)
(1 0.8 1)
(1.066667 0.8 1)
(1.133333 0.8 1)
(1.2 0.8 1)
(1.266667 0.8 1)
(1.333333 0.8 1)
(1.4 0.8 1)
(1.466667 0.8 1)
(1.533333 0.8 1)
(1.6 0.8 1)
(1.666667 0.8 1)
(1.733333 0.8 1)
(1.8 0.8 1)
(1.866667 0.8 1)
(1.933333 0.8 1)
(2 0.8 1)
(1 0.8666667 1)
(1.066667 0.8666667 1)
(1.133333 0.8666667 1)
(1.2 0.8666667 1)
(1.266667 0.8666667 1)
(1.333333 0.8666667 1)
(1.4 0.8666667 1)
(1.466667 0.8666667 1)
(1.533333 0.8666667 1)
(1.6 0.8666667 1)
(1.666667 0.8666667 1)
(1.733333 0.8666667 1)
(1.8 0.8666667 1)
(1.866667 0.8666667 1)
(1.933333 0.8666667 1)
(2 0.8666667 1)
(1 0.9333333 1)
(1.066667 0.9333333 1)
(1.133333 0.9333333 1)
(1.2 0.9333333 1)
(1.266667 0.9333333 1)
(1.333333 0.9333333 1)
(1.4 0.9333333 1)
(1.466667 0.9333333 1)
(1.533333 0.9333333 1)
(1.6 0.9333333 1)
(1.666667 0.9333333 1)
(1.733333 0.9333333 1)
(1.8 0.9333333 1)
(1.866667 0.9333333 1)
(1.933333 0.9333333 1)
(2 0.9333333 1)
(1 1 1)
(1.066667 1 1)
(1.133333 1 1)
(1.2 1 1)
(1.266667 1 1)
(1.333333 1 1)
(1.4 1 1)
(1.466667 1 1)
(1.533333 1 1)
(1.6 1 1)
(1.666667 1 1)
(1.733333 1 1)
(1.8 1 1)
(1.866667 1 1)
(1.933333 1 1)
(2 1 1)
)


// ************************************************************************* //
