/*--------------------------------*- C++ -*----------------------------------*\
| =========                 |                                                 |
| \\      /  F ield         | OpenFOAM: The Open Source CFD Toolbox           |
|  \\    /   O peration     | Version:  2112                                  |
|   \\  /    A nd           | Website:  www.openfoam.com                      |
|    \\/     M anipulation  |                                                 |
\*---------------------------------------------------------------------------*/
FoamFile
{
    version     2.0;
    format      ascii;
    arch        "LSB;label=32;scalar=64";
    class       scalarListList;
    location    "constant/space";
    object      F;
}
// * * * * * * * * * * * * * * * * * * * * * * * * * * * * * * * * * * * * * //


77
(

64
(
0.007416907
0.009301731
0.007625351
0.003457861
0.008868534
0.007340289
0.002210146
0.00537997
0.006354097
0.004841179
0.00614955
0.002675475
0.006740197
0.005178407
0.01984233
0.07678818
0.1760608
0.005646821
0.0106001
0.02186241
0.002960214
0.004823395
0.006192003
0.00365915
0.003517263
0.02161297
0.01731525
0.01219892
0.008922858
0.01679772
0.01969496
0.007269217
0.01476073
0.01376635
0.008981166
0.01135689
0.008092695
0.01488442
0.00408903
0.007400363
0.02233645
0.1752878
0.1222389
0.002414036
0.01464065
0.01963874
0.004067646
0.007203941
0.00520972
0.002962132
0.002498961
0.006880347
0.009173872
0.008535982
0.003704506
0.007755946
0.008074584
0.007635813
0.002408627
0.006063438
0.004151589
0.00613354
0.004467926
0.004311722
)


64
(
0.008711689
0.0132518
0.01340484
0.006531106
0.01351482
0.009359398
0.00443987
0.006641626
0.009099662
0.008873149
0.01002401
0.00449466
0.008963748
0.006682794
0.02482498
0.05021654
0.1141537
0.009346075
0.01877109
0.04189751
0.005223646
0.02145009
0.01632655
0.008602471
0.00873495
0.01981482
0.01956225
0.01618797
0.01231313
0.02029354
0.02021626
0.0106851
0.01545513
0.01676348
0.01282826
0.01523936
0.01182064
0.01805796
0.008011643
0.01383107
0.02853273
0.0439467
0.03174877
0.005675043
0.02702233
0.03183611
0.009583299
0.01409548
0.01340518
0.007957125
0.00755277
0.007340197
0.01066637
0.01016665
0.005533096
0.009467211
0.01221068
0.01102421
0.004452325
0.007871757
0.005453525
0.01019963
0.008190152
0.006470622
)


64
(
0.009680388
0.02249717
0.02910393
0.01938254
0.01880126
0.009848392
0.00685191
0.005778135
0.008823049
0.01097679
0.01081218
0.003907688
0.007148934
0.003119524
0.01310196
0.01806555
0.05952644
0.005880291
0.01359689
0.06565229
0.00340905
0.1788658
0.02493545
0.009473554
0.01067869
0.01653821
0.02136079
0.01989337
0.01708716
0.02018414
0.01620548
0.01308119
0.01101223
0.01387846
0.013645
0.01433798
0.01222747
0.0136476
0.009429912
0.01348118
0.02138783
0.01979581
0.008157794
0.00634135
0.01670946
0.01305855
0.008918673
0.004703267
0.009121179
0.007797938
0.005412519
0.006028285
0.007492168
0.005678164
0.002994035
0.007846048
0.008201014
0.009729071
0.003186551
0.007716287
0.006270361
0.01056508
0.008200191
0.007728824
)


64
(
0.005825318
0.02330751
0.0525098
0.1669582
0.0158705
0.005952322
0.009790657
0.003046922
0.005342178
0.009955577
0.007705071
0.002464588
0.00372116
0.001499022
0.004054261
0.002852994
0.004286307
0.003344403
0.0066204
0.02913146
0.002333573
0.2785065
0.02275364
0.008973775
0.01561125
0.01072359
0.01789154
0.02043817
0.02101582
0.01638714
0.01083415
0.01545558
0.007250438
0.01044261
0.01366628
0.0123956
0.01302166
0.0102733
0.007823763
0.009407024
0.01095237
0.006892957
0.002791778
0.005784743
0.009187208
0.006172107
0.007041048
0.002340533
0.006231768
0.007118409
0.004255204
0.004554567
0.005066866
0.003332195
0.001795879
0.006083767
0.005649731
0.008339417
0.002416711
0.007021178
0.006808644
0.01087083
0.008353489
0.008907828
)


64
(
0.002383574
0.00865463
0.03468604
0.1500328
0.01031204
0.003176499
0.2343071
0.00192779
0.004403967
0.02499151
0.009639609
0.04444867
0.003280058
0.002958554
0.005113565
0.003104286
0.00273917
0.006004766
0.009362868
0.01604152
0.004986138
0.0654628
0.02364194
0.01464236
0.0292084
0.008025169
0.01371297
0.01877865
0.01986027
0.01490816
0.009408164
0.01998935
0.007275331
0.01140316
0.01754138
0.01473637
0.02024775
0.01275225
0.006406404
0.00766736
0.007431085
0.004122028
0.002109376
0.006132842
0.008064639
0.005850111
0.007391964
0.002548554
0.00713142
0.009176466
0.00597728
0.004094656
0.004903399
0.003153975
0.002047164
0.006327072
0.00706324
0.01093003
0.00429865
0.00792168
0.008177447
0.02165568
0.02178438
0.01442841
)


64
(
0.005652264
0.005924238
0.005403883
0.002216488
0.007423985
0.006769947
0.002568632
0.006360396
0.007665565
0.006106148
0.007639786
0.004705594
0.01023454
0.01010514
0.01952406
0.02662941
0.01130534
0.009972117
0.01353171
0.012695
0.006457304
0.004337324
0.007565158
0.006677303
0.007357677
0.0161908
0.01190493
0.009802178
0.006855977
0.01490852
0.01947494
0.007646124
0.02077476
0.01796497
0.01069805
0.01424546
0.01151237
0.02634522
0.001566525
0.003197409
0.005855576
0.01193974
0.2778046
0.001670574
0.01241924
0.0387972
0.003538371
0.1583281
0.01066869
0.00383976
0.01501679
0.007624316
0.01524091
0.03341734
0.02285079
0.009661804
0.02028707
0.01072807
0.006343812
0.006126116
0.003444081
0.007534452
0.0062767
0.003893402
)


64
(
0.00830074
0.01596211
0.02697009
0.01564595
0.0210774
0.01077053
0.01690775
0.007745544
0.01385181
0.02525462
0.0204949
0.01132923
0.01263299
0.006780035
0.01750318
0.0157212
0.01518003
0.01158242
0.02086306
0.03730222
0.007643247
0.03423634
0.02846646
0.01661561
0.02069532
0.01446016
0.0179726
0.01941924
0.01609054
0.02106789
0.01719081
0.01658705
0.01406546
0.01843688
0.01864534
0.01957004
0.01896058
0.02078818
0.008302977
0.01277526
0.01637796
0.0129884
0.009670712
0.007754418
0.02098587
0.02036586
0.01198235
0.009581587
0.01599802
0.01266499
0.01178318
0.006843553
0.01059663
0.009300475
0.006700519
0.01059732
0.01706288
0.01603653
0.009241086
0.01001334
0.007418412
0.02087302
0.02067028
0.01140526
)


64
(
0.005507622
0.0123793
0.03244008
0.02571554
0.01949983
0.008153204
0.04988142
0.006315816
0.01401539
0.05002674
0.02716839
0.03349627
0.01359298
0.004976222
0.008882511
0.005932717
0.004880634
0.008893173
0.01370904
0.02011085
0.006968481
0.03345418
0.02317264
0.01602888
0.0248545
0.009716298
0.01406129
0.01821262
0.01667567
0.01730945
0.01237005
0.01981443
0.01078426
0.01598808
0.02059524
0.01918039
0.02444341
0.01963997
0.00673345
0.009098267
0.009056305
0.00542665
0.003575567
0.007339448
0.01202642
0.01047522
0.009956575
0.005180327
0.01195812
0.01309675
0.0112255
0.00495877
0.007455123
0.005676996
0.004948923
0.008598945
0.01542631
0.01621886
0.01608927
0.009357965
0.007864067
0.03356317
0.05128128
0.01555784
)


64
(
0.006734106
0.008228263
0.009242246
0.003972848
0.01132446
0.008688697
0.005412048
0.007803876
0.01108549
0.01164694
0.01273945
0.008234038
0.01338861
0.009866866
0.02042021
0.02194473
0.0111858
0.01203275
0.01788412
0.01847063
0.007881099
0.008774846
0.01309604
0.0103887
0.01181697
0.01590979
0.01424471
0.0134023
0.009766164
0.01842668
0.02008588
0.01130961
0.02000673
0.02084822
0.01505997
0.01853477
0.01612059
0.02787852
0.005245487
0.00987997
0.01408673
0.01535941
0.04659094
0.005826966
0.02967342
0.05699137
0.01133784
0.05053152
0.02613089
0.01251607
0.02307754
0.008040762
0.01609309
0.02397934
0.02003488
0.01193655
0.02885326
0.01624578
0.0142211
0.008596244
0.005046526
0.01500083
0.01502038
0.006823337
)


64
(
0.001991731
0.003988931
0.0133858
0.01317021
0.008026686
0.003309144
0.09452775
0.002935369
0.007389237
0.04563467
0.01694622
0.2382731
0.008194723
0.003885227
0.00522517
0.003160535
0.002047428
0.006602377
0.008734225
0.008669848
0.00593909
0.01623294
0.01333444
0.01209059
0.02172875
0.006388835
0.009689752
0.01422768
0.01397415
0.01267254
0.008608682
0.01994501
0.008115862
0.01280184
0.01949991
0.01657965
0.02794377
0.01733117
0.00501089
0.006255648
0.005355921
0.002823338
0.001864905
0.006266751
0.007495742
0.00632289
0.007708162
0.003223755
0.008642662
0.01195882
0.009253021
0.002939069
0.004171816
0.002843091
0.002434922
0.005391491
0.00878009
0.01165879
0.01089661
0.006621819
0.006437357
0.03847335
0.1106926
0.01607851
)


64
(
0.005867549
0.008130458
0.01312564
0.005954793
0.01418389
0.008890759
0.0164355
0.008467098
0.01551847
0.02876258
0.02314511
0.02378176
0.01877819
0.007206304
0.0118955
0.008913438
0.005196456
0.01048855
0.01470858
0.01405689
0.007965414
0.01192599
0.01485557
0.01285888
0.01733008
0.01103003
0.01260673
0.01499075
0.01202141
0.01747738
0.01525221
0.01630685
0.01560194
0.02021465
0.02003201
0.02136367
0.02430537
0.02802001
0.00598654
0.009406372
0.009452681
0.006231616
0.007219454
0.007736992
0.01787042
0.02253128
0.01238728
0.01462778
0.02136614
0.01732118
0.023772
0.005906658
0.01202124
0.01392753
0.01844005
0.01088543
0.03527552
0.02036898
0.04023659
0.009408461
0.006145401
0.03193062
0.05109761
0.01161062
)


64
(
0.004333414
0.004294442
0.004697132
0.001834064
0.006800626
0.006174566
0.003828725
0.007038025
0.0094735
0.009248754
0.01048198
0.009861554
0.01508763
0.007716472
0.009838959
0.007644071
0.003049453
0.008366718
0.009795185
0.006767818
0.006575375
0.004129857
0.006735369
0.007271533
0.009350592
0.009752877
0.008345553
0.008761164
0.006396142
0.0123478
0.01428926
0.009327268
0.0188844
0.01865404
0.01329679
0.01648308
0.01744533
0.03366006
0.002455157
0.004261536
0.003941135
0.002612072
0.009219863
0.004052579
0.01136885
0.0312447
0.007395704
0.1248023
0.02165144
0.01310107
0.07536174
0.003844679
0.0104295
0.04366236
0.1674382
0.006291311
0.03302903
0.00998831
0.04898913
0.003956036
0.002049527
0.008796848
0.01139152
0.002985173
)


64
(
0.003004295
0.003392001
0.005347221
0.00214239
0.00691678
0.005071976
0.01635771
0.006188441
0.0118238
0.02621874
0.01847952
0.07514047
0.01961417
0.005131397
0.006044531
0.003899102
0.001888919
0.006983565
0.008229038
0.005867522
0.006232954
0.006204248
0.007979131
0.008967294
0.01405777
0.006541425
0.007742351
0.01053478
0.00898859
0.01161283
0.009807988
0.01533871
0.01166492
0.0159066
0.01833421
0.01805054
0.02829804
0.02652069
0.003964992
0.005523248
0.004398304
0.002337614
0.002452884
0.006364484
0.008658459
0.01089832
0.008791352
0.008010437
0.01414856
0.01667609
0.02306776
0.001750546
0.003890021
0.004901297
0.01375877
0.003701833
0.01954371
0.0087011
0.1739871
0.003410697
0.002389016
0.02374821
0.1612878
0.006237264
)


64
(
0.007416907
0.008711687
0.009680389
0.005825316
0.002383574
0.005652261
0.008300738
0.005507619
0.006734106
0.002116214
0.005867549
0.007041797
0.004130904
0.003660507
0.00330999
0.001939574
0.001622802
0.009977322
0.009151339
0.003445279
0.01698858
0.003250579
0.008034289
0.04134104
0.2420161
0.00449285
0.01957193
0.05078393
0.249656
0.0131776
0.004632665
0.01352138
0.002332582
0.004199397
0.008851316
0.006308908
0.00199385
0.002858568
0.02161297
0.01981482
0.01653822
0.01072359
0.008025168
0.01619079
0.01446015
0.009716294
0.01590979
0.006788137
0.01103003
0.01584842
0.008994457
0.007825816
0.007118959
0.005169629
0.004125072
0.008551514
0.006075449
0.008143898
0.003782072
0.009025273
0.004813135
0.005478424
0.004581909
0.003599609
)


64
(
0.009301732
0.0132518
0.02249717
0.0233075
0.008654631
0.005924236
0.01596211
0.01237929
0.008228265
0.004238239
0.008130459
0.006978468
0.004664002
0.00211928
0.003914701
0.002661191
0.003150551
0.00657226
0.0106199
0.01099376
0.005227218
0.04353873
0.0511219
0.03938233
0.2603976
0.009525885
0.02212276
0.02725961
0.019274
0.01707262
0.009294064
0.005354604
0.005390877
0.007873377
0.008876068
0.009185151
0.003218824
0.006432313
0.01731526
0.01956225
0.02136079
0.01789153
0.01371297
0.01190493
0.0179726
0.01406129
0.01424471
0.01029536
0.01260674
0.01356152
0.01064573
0.00600394
0.007165236
0.006441744
0.006183874
0.00748494
0.007978597
0.008426175
0.006339203
0.006847343
0.003052915
0.007061549
0.00744693
0.003280731
)


64
(
0.007625353
0.01340484
0.02910394
0.0525098
0.03468604
0.005403881
0.02697009
0.03244007
0.009242247
0.01422242
0.01312564
0.00763284
0.007352429
0.003403112
0.007759111
0.006646931
0.009174156
0.007302501
0.01337241
0.02602955
0.004701404
0.1470743
0.04684581
0.02023106
0.03073926
0.008519042
0.01246212
0.01241233
0.005931417
0.01291632
0.009162312
0.004235984
0.006591876
0.008923379
0.008557321
0.009744062
0.004419643
0.008912547
0.01219892
0.01618797
0.01989338
0.02043816
0.01877865
0.009802175
0.01941924
0.01821261
0.01340231
0.01511691
0.01499075
0.01423689
0.01448532
0.005126232
0.007460594
0.007615238
0.008689889
0.007452524
0.01090932
0.01040792
0.01104942
0.00662109
0.002713626
0.01145644
0.01439081
0.004249942
)


64
(
0.003457861
0.006531106
0.01938254
0.1669582
0.1500328
0.002216488
0.01564595
0.02571553
0.003972849
0.01399335
0.005954794
0.002980354
0.002945785
0.001957832
0.005185629
0.005432565
0.008968411
0.003598521
0.007055912
0.02129674
0.002150031
0.205143
0.02088978
0.007741233
0.007908857
0.007157382
0.008632044
0.007138272
0.003166877
0.008613902
0.00727932
0.00224999
0.005536215
0.006543116
0.005001062
0.006350702
0.002901094
0.007168342
0.00892286
0.01231313
0.01708717
0.02101582
0.01986027
0.006855975
0.01609054
0.01667566
0.009766166
0.01484753
0.01202142
0.01039373
0.01235931
0.003716947
0.005777727
0.006850136
0.008593188
0.005215343
0.009044696
0.00706674
0.01083244
0.00417223
0.001605315
0.007919419
0.01235338
0.002467536
)


64
(
0.008868533
0.01351482
0.01880126
0.0158705
0.01031203
0.00742398
0.02107739
0.01949982
0.01132446
0.008528353
0.01418388
0.01105102
0.009510569
0.00617697
0.009942814
0.007051169
0.007595654
0.01531745
0.02204024
0.01832154
0.01253293
0.02697112
0.03879582
0.04801126
0.06570365
0.009017346
0.01885587
0.02946699
0.01831069
0.02125206
0.01082634
0.01237759
0.007225812
0.0122058
0.01906177
0.01681543
0.007608294
0.01061111
0.01679772
0.02029353
0.02018414
0.01638713
0.01490815
0.01490851
0.02106789
0.01730944
0.01842668
0.01346458
0.01747738
0.02006517
0.01596763
0.00763775
0.009427542
0.007735615
0.007584345
0.01102409
0.01162711
0.01501322
0.009183657
0.01168167
0.005517717
0.01429644
0.01334524
0.007476276
)


64
(
0.007340291
0.009359399
0.009848396
0.005952322
0.0031765
0.006769945
0.01077053
0.008153202
0.008688699
0.003515966
0.008890762
0.01003367
0.006973968
0.007842973
0.007665283
0.0048382
0.004141247
0.01745578
0.01731397
0.007987554
0.02250418
0.007488266
0.01516513
0.04320365
0.06282449
0.005185508
0.01585804
0.04975619
0.07813751
0.01980553
0.006830756
0.1206741
0.004214645
0.009005266
0.03434967
0.01750079
0.010074
0.006790995
0.01969496
0.02021626
0.01620549
0.01083415
0.009408166
0.01947494
0.01719081
0.01237005
0.02008589
0.009146727
0.01525222
0.02322004
0.01348598
0.01013904
0.009215683
0.006116227
0.004951453
0.01261668
0.008452966
0.01443041
0.005129462
0.01649296
0.0100879
0.01008249
0.007309212
0.008487168
)


64
(
0.002210147
0.00443987
0.006851912
0.009790656
0.2343071
0.002568631
0.01690775
0.04988141
0.005412049
0.1004358
0.01643551
0.006221679
0.02249185
0.004018998
0.008360318
0.009043058
0.01243814
0.006061932
0.00996782
0.01777637
0.003945841
0.03585618
0.01469916
0.008279419
0.006329913
0.005783509
0.006158825
0.005846785
0.002400421
0.007956901
0.007082691
0.002958536
0.006680913
0.008307358
0.006954633
0.00849986
0.005382466
0.01100991
0.007269218
0.0106851
0.01308119
0.01545558
0.01998936
0.007646122
0.01658705
0.01981442
0.01130961
0.02119158
0.01630685
0.01515681
0.02109072
0.003367915
0.006091054
0.007272707
0.01095203
0.005844346
0.01347395
0.01079013
0.02442538
0.004999215
0.001883385
0.02234053
0.05203297
0.00499451
)


64
(
0.005379971
0.006641626
0.005778136
0.003046922
0.00192779
0.006360394
0.007745544
0.006315814
0.007803877
0.00311883
0.0084671
0.01143679
0.008509106
0.008462447
0.007095189
0.00484793
0.003901476
0.01288103
0.01165195
0.005794001
0.01602875
0.004745007
0.007789551
0.01707911
0.01833931
0.001807492
0.003698031
0.01340748
0.01509372
0.007681821
0.003013917
0.2160838
0.002577077
0.006618625
0.04672966
0.01592026
0.1597153
0.00674364
0.01476074
0.01545513
0.01101223
0.007250437
0.007275331
0.02077475
0.01406546
0.01078426
0.02000673
0.008623105
0.01560195
0.03068715
0.01603926
0.0115712
0.008397602
0.0045873
0.003436676
0.0147855
0.007024497
0.01965708
0.003691903
0.03177374
0.03886948
0.01135348
0.006125622
0.02245144
)


64
(
0.006354097
0.009099659
0.008823049
0.005342176
0.004403966
0.007665561
0.0138518
0.01401538
0.01108549
0.007851064
0.01551847
0.01539443
0.01625772
0.00806323
0.009439839
0.007027125
0.006452117
0.01379412
0.01563603
0.01027788
0.01309052
0.009985089
0.01394348
0.02099408
0.01913073
0.005589011
0.009650751
0.021122
0.01208886
0.0172891
0.00865087
0.03524499
0.007572864
0.01576855
0.04402474
0.02781648
0.03042765
0.01710396
0.01376635
0.01676347
0.01387846
0.01044261
0.01140316
0.01796496
0.01843688
0.01598807
0.02084821
0.01360195
0.02021464
0.03031281
0.02187157
0.009243023
0.01016814
0.006495395
0.005950687
0.01626971
0.0124272
0.03203585
0.008267931
0.02649508
0.01823856
0.0340602
0.01772107
0.04217806
)


64
(
0.00484118
0.008873149
0.0109768
0.009955576
0.02499151
0.006106146
0.02525462
0.05002673
0.01164694
0.04848685
0.02876258
0.01502923
0.03605076
0.005526708
0.009671247
0.009115785
0.01069032
0.008616086
0.0127944
0.0161422
0.006112728
0.02312372
0.01636737
0.01193948
0.009370409
0.006083528
0.007154839
0.008254217
0.00346353
0.01049005
0.008238898
0.005615798
0.007962117
0.01151035
0.01241233
0.01341749
0.01016224
0.01506519
0.008981168
0.01282826
0.01364501
0.01366628
0.01754138
0.01069805
0.01864534
0.02059523
0.01505998
0.02071866
0.02003201
0.02160729
0.02520954
0.004562179
0.007801732
0.007453871
0.009960876
0.008998389
0.01643282
0.0200521
0.02200573
0.009214009
0.003861464
0.054153
0.06112809
0.01584216
)


64
(
0.006149551
0.01002401
0.01081218
0.007705071
0.009639611
0.007639785
0.02049491
0.02716838
0.01273946
0.01800536
0.02314511
0.01703323
0.02540935
0.006900347
0.01016066
0.008435899
0.008749186
0.01147997
0.01525335
0.01391604
0.009117878
0.01617384
0.01677864
0.01691616
0.01396165
0.006327162
0.008803009
0.01320783
0.006067824
0.01424846
0.009188582
0.01213672
0.008517341
0.01462954
0.02273535
0.02028297
0.01732195
0.01759426
0.01135689
0.01523937
0.01433798
0.0123956
0.01473637
0.01424546
0.01957004
0.01918038
0.01853478
0.01761588
0.02136368
0.02678501
0.0248195
0.006618799
0.009504683
0.007309889
0.008095635
0.0131078
0.01570586
0.02962023
0.01412291
0.01664685
0.008478833
0.05624644
0.03543915
0.03490366
)


64
(
0.0018612
0.00312672
0.002718392
0.001714496
0.03092082
0.003273455
0.007881203
0.02330174
0.005728027
0.1761149
0.01654384
0.01114784
0.07187348
0.004423206
0.006915247
0.007224954
0.008159268
0.005588808
0.007567355
0.008926259
0.004086667
0.01100104
0.007143558
0.005570213
0.003971759
0.004051517
0.00386689
0.004089585
0.001575241
0.006090605
0.005741066
0.003420391
0.006707859
0.008832831
0.008421402
0.009634757
0.009716248
0.01464395
0.005629702
0.008223057
0.008506065
0.009058543
0.01408539
0.008008606
0.01318997
0.0170041
0.01121433
0.02065409
0.01690809
0.01972081
0.02706769
0.001495536
0.002875026
0.003117333
0.005110148
0.003252977
0.007821952
0.008981563
0.01876515
0.003293341
0.001378304
0.1024784
0.178207
0.02402721
)


64
(
0.004147815
0.005516153
0.004399346
0.002289945
0.002018498
0.006298179
0.007774146
0.008364909
0.008239148
0.00535809
0.01155581
0.01508763
0.01659661
0.006835128
0.006796518
0.005410288
0.004683267
0.00866622
0.008880662
0.00590459
0.008469007
0.005156469
0.006240983
0.008674716
0.007085648
0.002496187
0.003071402
0.005652409
0.002419863
0.006588966
0.00432027
0.02620555
0.005099712
0.01069597
0.03159531
0.01863009
0.1506793
0.01682071
0.009159644
0.01111259
0.008398527
0.006322034
0.007847537
0.01621244
0.01279273
0.01208614
0.01715602
0.01133193
0.01724309
0.03366007
0.02244059
0.004968094
0.004365652
0.002348412
0.002027061
0.009168674
0.004947349
0.02293817
0.002954719
0.02611582
0.1256867
0.02738633
0.007953499
0.1433688
)


65
(
0.005178407
0.006682792
0.003119524
0.001499022
0.002958554
0.01010513
0.006780034
0.00497622
0.009866866
0.004128054
0.007206304
0.01253926
0.007055669
0.003660507
0.002119279
0.003403111
0.001957832
0.00617697
0.00784297
0.004018997
0.008462445
0.008063231
0.005526707
0.006900345
0.006358357
0.01110708
0.1869991
0.01693176
0.003513507
0.00127487
0.0156064
0.0373356
0.001996198
0.0133575
0.01010144
0.003356217
0.005842805
0.002650186
0.007340682
0.2018919
0.09325389
0.0202548
0.001866913
0.001670477
0.01647898
0.01026183
0.003237606
0.01272957
0.001651864
0.004624675
0.005811916
0.002480035
0.02044637
0.01959422
0.01461107
0.00973968
0.01895928
0.01335411
0.01464416
0.007815586
0.01473466
0.009692488
0.01134293
0.01114013
0.008563558
)


65
(
0.01984233
0.02482498
0.01310197
0.00405426
0.005113565
0.01952405
0.01750318
0.008882507
0.02042021
0.005551743
0.0118955
0.01598831
0.008311228
0.00330999
0.0039147
0.00775911
0.005185628
0.009942815
0.007665281
0.008360317
0.007095188
0.009439839
0.009671245
0.01016066
0.009940666
0.01104434
0.0161353
0.006913505
0.00685257
0.003230977
0.01616706
0.02354224
0.005392293
0.01601722
0.01493152
0.007961887
0.01128717
0.007165448
0.01448541
0.01242639
0.05832043
0.1572229
0.02504424
0.01353569
0.006757931
0.03338441
0.01739929
0.01207581
0.007786949
0.01089912
0.007310339
0.006237989
0.01494035
0.02018486
0.02017324
0.01698894
0.01744452
0.01981445
0.01774582
0.01440294
0.01349759
0.008692472
0.01651973
0.01912234
0.01019414
)


65
(
0.07678818
0.05021653
0.01806555
0.002852993
0.003104286
0.0266294
0.0157212
0.005932714
0.02194473
0.003358068
0.008913438
0.01242161
0.005361265
0.001939574
0.002661191
0.00664693
0.005432564
0.00705117
0.004838199
0.009043056
0.004847929
0.007027125
0.009115783
0.008435896
0.01038587
0.008791715
0.0065594
0.003180355
0.004221412
0.002216875
0.008743969
0.01237852
0.004304574
0.01157041
0.01046908
0.00620892
0.008310728
0.006562994
0.01289513
0.002356691
0.009036134
0.09650519
0.1726274
0.03108919
0.002475803
0.02128655
0.02002086
0.005117807
0.009088406
0.006978734
0.003874826
0.00470703
0.01066371
0.01669822
0.0209511
0.02037289
0.01314591
0.01933701
0.01461997
0.01620679
0.00976953
0.006210564
0.01458621
0.01914512
0.008037697
)


65
(
0.1760609
0.1141537
0.05952647
0.004286307
0.00273917
0.01130534
0.01518003
0.004880634
0.0111858
0.002175392
0.005196457
0.004955362
0.002597264
0.001622803
0.003150552
0.009174157
0.008968411
0.007595657
0.004141247
0.01243814
0.003901477
0.00645212
0.01069032
0.008749186
0.01172895
0.007610309
0.0033067
0.002270412
0.003911804
0.002348176
0.006520842
0.007339613
0.004662712
0.007829218
0.008089357
0.006153032
0.00734328
0.007017243
0.01092711
0.001485748
0.004642359
0.01161902
0.1091961
0.04470597
0.002418109
0.01447805
0.01933756
0.00472832
0.01352643
0.007786315
0.004745712
0.006954604
0.007627872
0.01282575
0.01796741
0.02101286
0.01036469
0.01833643
0.01334083
0.01894601
0.008287103
0.005648339
0.01565091
0.02297321
0.008248604
)


65
(
0.005646824
0.009346077
0.005880294
0.003344404
0.006004769
0.009972117
0.01158242
0.008893173
0.01203275
0.007015029
0.01048855
0.01359592
0.009602404
0.009977326
0.006572262
0.007302503
0.003598522
0.01531745
0.01745579
0.006061934
0.01288103
0.01379413
0.008616089
0.01147997
0.008033914
0.01408261
0.04435666
0.04812597
0.02131118
0.007974601
0.05007814
0.04064704
0.007706981
0.01385613
0.01831101
0.01088654
0.01516185
0.006826711
0.01125284
0.04217983
0.0486102
0.02275538
0.004938769
0.005532835
0.02114681
0.02273233
0.009798915
0.02360392
0.005642997
0.01271932
0.01471957
0.007911786
0.01898753
0.0196433
0.01470811
0.01117426
0.02102305
0.01649994
0.02001462
0.01077844
0.01939003
0.01416872
0.01776752
0.01741535
0.0140191
)


65
(
0.009976563
0.01766691
0.01279708
0.006230963
0.008812111
0.01273572
0.01963582
0.01290263
0.01683211
0.008734225
0.01384337
0.01498087
0.01064934
0.008613025
0.009995197
0.0125858
0.006640857
0.02074376
0.01629549
0.009381477
0.01096654
0.01471627
0.01204178
0.01435609
0.01023819
0.01358219
0.01526011
0.01754697
0.01797138
0.008580987
0.03100589
0.02443739
0.01000606
0.01327906
0.01773433
0.01317408
0.01649913
0.009673131
0.01391495
0.01537739
0.03414781
0.03402642
0.01145996
0.01119673
0.01309112
0.03076661
0.01659203
0.0194891
0.009293917
0.01551896
0.0139455
0.0100903
0.01560926
0.01921425
0.01665306
0.01445114
0.01949678
0.01970811
0.02149936
0.01463272
0.01793976
0.01306145
0.02140556
0.02302721
0.01512442
)


65
(
0.02186242
0.04189751
0.06565231
0.02913145
0.01604152
0.01269499
0.03730222
0.02011085
0.01847064
0.009211715
0.0140569
0.0109977
0.008067843
0.00344528
0.01099376
0.02602955
0.02129674
0.01832155
0.007987553
0.01777637
0.005794001
0.01027788
0.0161422
0.01391603
0.0128315
0.009594957
0.004527658
0.004365665
0.007855993
0.005025548
0.01123147
0.00980947
0.008274124
0.008629944
0.01078928
0.009902446
0.01092032
0.009951107
0.01213835
0.003586019
0.01025005
0.02153217
0.02622626
0.02339867
0.005419903
0.02291692
0.02174173
0.009645084
0.01421842
0.01279586
0.00938907
0.01076465
0.009524715
0.01447475
0.01621275
0.01791139
0.01349687
0.02012676
0.01811643
0.01998925
0.01226591
0.009171339
0.02262801
0.0302809
0.01341167
)


65
(
0.002960214
0.005223645
0.00340905
0.002333572
0.004986138
0.006457302
0.007643246
0.006968478
0.0078811
0.006310284
0.007965415
0.01068498
0.008570311
0.01698858
0.005227217
0.004701403
0.002150031
0.01253294
0.02250418
0.003945841
0.01602874
0.01309052
0.006112727
0.009117876
0.005874583
0.01376213
0.04852391
0.2488782
0.03711046
0.008490951
0.04238535
0.02172295
0.004067445
0.004893672
0.007715585
0.005344792
0.006919104
0.002740055
0.003924558
0.03255411
0.02293098
0.007690906
0.002131608
0.003142139
0.02337933
0.01189606
0.005858014
0.01959358
0.003903808
0.00930693
0.0150918
0.006751468
0.01901834
0.01622813
0.01064655
0.007753689
0.01957845
0.01243225
0.01775437
0.00786067
0.02027305
0.01667259
0.01532067
0.01392738
0.01428191
)


65
(
0.002572478
0.01144005
0.09539513
0.1485368
0.0349135
0.002313239
0.01825939
0.01784223
0.00467992
0.009198667
0.006360532
0.00357921
0.004549782
0.001733642
0.02322066
0.07843964
0.1094096
0.0143846
0.003993742
0.0191233
0.002530671
0.005325383
0.01233265
0.00862605
0.008434136
0.00446894
0.001809788
0.002459976
0.006320358
0.005390773
0.006568582
0.004526003
0.009030661
0.004590821
0.006637408
0.008833557
0.008029355
0.01029271
0.008404198
0.001708762
0.004067991
0.004430137
0.005780208
0.0119754
0.00371396
0.0091999
0.01097531
0.005769473
0.01062113
0.008273328
0.007690062
0.009518969
0.005881991
0.008749552
0.00978301
0.01276137
0.009049274
0.01448166
0.01431766
0.01849299
0.009599322
0.00867659
0.02306768
0.03426819
0.01427817
)


65
(
0.006192004
0.01632655
0.02493545
0.02275364
0.02364194
0.007565156
0.02846646
0.02317264
0.01309604
0.01416785
0.01485558
0.01094498
0.0109713
0.008034291
0.0511219
0.04684581
0.02088978
0.03879583
0.01516513
0.01469916
0.007789551
0.01394348
0.01636737
0.01677864
0.01026887
0.0101416
0.004580643
0.007832047
0.01522372
0.01079987
0.01683253
0.01007959
0.01360701
0.007466368
0.01173023
0.01416544
0.013873
0.01243465
0.01131134
0.004707668
0.01043319
0.01004132
0.007154275
0.01118029
0.007610825
0.01678018
0.0139763
0.01148174
0.01051968
0.01251554
0.01200929
0.01108937
0.01030515
0.01365719
0.01262244
0.01337634
0.01479746
0.01808058
0.02044944
0.017218
0.01558606
0.0131962
0.02636217
0.03155803
0.01838195
)


65
(
0.003252578
0.007646639
0.008420938
0.007976687
0.01301543
0.005935377
0.01476943
0.01424789
0.009234396
0.01141889
0.01143011
0.01050332
0.01096002
0.03674759
0.03500651
0.01798316
0.006881094
0.04267668
0.03840323
0.007359482
0.01518143
0.01866141
0.01061287
0.01503658
0.007117494
0.01253014
0.006007189
0.0411345
0.05301403
0.03219686
0.03533832
0.01163697
0.01844248
0.005998761
0.01173072
0.01755335
0.015812
0.01093267
0.008646479
0.007575784
0.0115071
0.006700729
0.003399422
0.005837872
0.01181356
0.01260113
0.008959151
0.01377327
0.006806444
0.01097729
0.01443438
0.009550217
0.01331074
0.01381394
0.01030001
0.009438931
0.01709016
0.01477439
0.02097152
0.01189033
0.02006287
0.01843991
0.02340087
0.02358807
0.02038086
)


65
(
0.001758632
0.004367475
0.005339346
0.007805623
0.0146042
0.003678837
0.01034766
0.01242725
0.005908487
0.0115434
0.008665042
0.007597356
0.009664718
0.121008
0.1301988
0.01536963
0.003954428
0.03285183
0.03141224
0.003164957
0.009169657
0.009565365
0.004685204
0.006980824
0.002854701
0.005757088
0.001691355
0.01583455
0.06634644
0.1002601
0.01293974
0.004016544
0.01922705
0.002764937
0.005605926
0.01259164
0.008905734
0.009303595
0.005005227
0.003938833
0.00594907
0.003343003
0.001971741
0.004046553
0.008153283
0.007368592
0.006103361
0.008883535
0.005296791
0.007712174
0.01167006
0.00791629
0.01001919
0.009711272
0.00707187
0.006841482
0.01297407
0.01093123
0.0172932
0.009641079
0.01737893
0.01920701
0.02148458
0.02174295
0.02083252
)


64
(
0.02161297
0.01981482
0.01653822
0.01072359
0.008025168
0.01619079
0.01446015
0.009716294
0.01590979
0.006788137
0.01103003
0.01584842
0.008994457
0.00449285
0.009525883
0.00851904
0.007157381
0.009017346
0.005185507
0.005783508
0.001807491
0.005589011
0.006083527
0.00632716
0.005824055
0.004056303
0.1869991
0.0161353
0.0065594
0.003306699
0.04435664
0.01621386
0.004527657
0.0485239
0.003393351
0.004580642
0.006758088
0.003382709
0.2534791
0.04162134
0.01634639
0.005348413
0.003163003
0.01938744
0.01072138
0.004238
0.01482233
0.002298683
0.005013798
0.003458628
0.002482438
0.002679457
0.008739317
0.008864362
0.007134652
0.006214774
0.00835472
0.007146763
0.005990502
0.003644519
0.001076832
0.006798053
0.00815094
0.003495869
)


64
(
0.01731526
0.01956225
0.02136079
0.01789153
0.01371297
0.01190493
0.0179726
0.01406129
0.01424471
0.01029536
0.01260674
0.01356152
0.01064573
0.01957193
0.02212276
0.01246212
0.008632044
0.01885588
0.01585804
0.006158825
0.003698031
0.009650754
0.007154839
0.008803008
0.005558655
0.004991028
0.01693176
0.006913506
0.003180355
0.002270412
0.04812596
0.01864366
0.004365665
0.2488782
0.004612453
0.007832047
0.04627632
0.0316691
0.02300648
0.02643678
0.02068794
0.01076138
0.007112431
0.004660809
0.01460315
0.008308978
0.01133893
0.005278285
0.008111587
0.005226123
0.005347279
0.00187629
0.006571722
0.006577066
0.006284558
0.005760196
0.008076408
0.008469123
0.00670819
0.004646091
0.001915835
0.009677218
0.01114304
0.006007441
)


64
(
0.01219892
0.01618797
0.01989338
0.02043816
0.01877865
0.009802175
0.01941924
0.01821261
0.01340231
0.01511691
0.01499075
0.01423689
0.01448532
0.05078394
0.02725961
0.01241233
0.007138272
0.029467
0.04975618
0.005846785
0.01340748
0.021122
0.008254217
0.01320783
0.005878778
0.009185163
0.003513508
0.006852572
0.004221412
0.003911803
0.02131118
0.01909459
0.007855993
0.03711046
0.01185067
0.01522372
0.0596408
0.1326929
0.006686306
0.01284359
0.01274209
0.009156382
0.007567648
0.003024062
0.01228509
0.008922168
0.009452047
0.006599918
0.009187193
0.006783329
0.007538529
0.001966977
0.006541172
0.00572052
0.005797727
0.00727475
0.00870265
0.01224974
0.007352192
0.007973412
0.004171558
0.01440135
0.01458852
0.01140249
)


64
(
0.00892286
0.01231313
0.01708717
0.02101582
0.01986027
0.006855975
0.01609054
0.01667566
0.009766166
0.01484753
0.01202142
0.01039373
0.01235931
0.2496561
0.019274
0.005931417
0.003166877
0.0183107
0.0781375
0.002400421
0.01509372
0.01208887
0.00346353
0.006067824
0.002264409
0.003932276
0.00127487
0.003230978
0.002216875
0.002348176
0.007974599
0.0091173
0.005025548
0.008490952
0.0101077
0.01079987
0.03622147
0.2005201
0.003695526
0.007508084
0.008833818
0.007507061
0.006395791
0.001567841
0.008210151
0.006830135
0.005316151
0.005516447
0.006225555
0.004290563
0.005841193
0.001122818
0.004064094
0.003927175
0.004427023
0.004506961
0.006295515
0.008893752
0.006197647
0.005354209
0.003832531
0.012697
0.01354647
0.01074991
)


64
(
0.01679772
0.02029353
0.02018414
0.01638713
0.01490815
0.01490851
0.02106789
0.01730944
0.01842668
0.01346458
0.01747738
0.02006517
0.01596763
0.01317759
0.01707261
0.01291631
0.008613899
0.02125206
0.01980552
0.007956899
0.007681819
0.0172891
0.01049004
0.01424845
0.008755243
0.01070706
0.0156064
0.01616706
0.008743968
0.006520839
0.05007812
0.03294376
0.01123146
0.04238534
0.01231609
0.01683252
0.0397556
0.02587946
0.01859722
0.02924818
0.01905458
0.01006843
0.008092834
0.009697203
0.02015146
0.01126755
0.02344745
0.007315723
0.01467102
0.01245966
0.009563796
0.003918602
0.01164894
0.009170198
0.007754032
0.01195804
0.01198029
0.01522651
0.00823982
0.01029735
0.003527667
0.01421926
0.01398828
0.009621684
)


64
(
0.01969496
0.02021626
0.01620549
0.01083415
0.009408166
0.01947494
0.01719081
0.01237005
0.02008589
0.009146727
0.01525222
0.02322004
0.01348598
0.004632666
0.009294064
0.009162313
0.007279321
0.01082634
0.006830756
0.007082692
0.003013917
0.008650873
0.008238899
0.009188582
0.008252784
0.007020439
0.03733561
0.02354224
0.01237852
0.007339613
0.04064703
0.02596474
0.009809471
0.02172296
0.008486256
0.01007959
0.0130916
0.00803309
0.05164147
0.04731421
0.01557711
0.00600295
0.004640149
0.1283756
0.01874326
0.007559889
0.05724403
0.004310687
0.01356761
0.01655386
0.006652157
0.006355491
0.01665443
0.01275588
0.008709784
0.01342706
0.01232546
0.01216414
0.007250638
0.007418571
0.001745698
0.009570258
0.01004044
0.005093794
)


64
(
0.007269218
0.0106851
0.01308119
0.01545558
0.01998936
0.007646122
0.01658705
0.01981442
0.01130961
0.02119158
0.01630685
0.01515681
0.02109072
0.01352138
0.005354604
0.004235984
0.00224999
0.0123776
0.1206741
0.002958536
0.2160838
0.035245
0.005615798
0.01213672
0.004916812
0.04258402
0.001996199
0.005392294
0.004304575
0.004662712
0.007706979
0.01063144
0.008274124
0.004067445
0.01693249
0.01360701
0.02074779
0.0384541
0.002576312
0.006126725
0.006627101
0.005931509
0.006358509
0.001916957
0.008379994
0.007824391
0.006604707
0.007015276
0.008563431
0.007561327
0.00953657
0.001802605
0.005208353
0.003850684
0.00412037
0.008308889
0.007493761
0.0186058
0.006353807
0.01841034
0.02421189
0.02079458
0.01631617
0.03299087
)


64
(
0.01476074
0.01545513
0.01101223
0.007250437
0.007275331
0.02077475
0.01406546
0.01078426
0.02000673
0.008623105
0.01560195
0.03068715
0.01603926
0.002332582
0.005390877
0.006591876
0.005536215
0.007225814
0.004214644
0.006680913
0.002577077
0.007572867
0.007962117
0.00851734
0.009642548
0.008287031
0.01335751
0.01601723
0.01157041
0.007829217
0.01385613
0.014109
0.008629944
0.004893673
0.008607788
0.007466368
0.006748608
0.005529875
0.006642111
0.01329661
0.004123894
0.002007832
0.002149823
0.3034019
0.008619205
0.004382669
0.05685322
0.002804502
0.01267406
0.07380992
0.008325096
0.02911117
0.03528524
0.01672829
0.008127549
0.03085662
0.01330041
0.01360829
0.00585733
0.01022565
0.001474219
0.007838434
0.007471788
0.003840517
)


64
(
0.01376635
0.01676347
0.01387846
0.01044261
0.01140316
0.01796496
0.01843688
0.01598807
0.02084821
0.01360195
0.02021464
0.03031281
0.02187157
0.004199396
0.007873375
0.008923376
0.006543114
0.0122058
0.009005263
0.008307355
0.006618623
0.01576855
0.01151034
0.01462954
0.01269719
0.01738094
0.01010144
0.01493151
0.01046908
0.008089354
0.018311
0.01884272
0.01078928
0.007715584
0.01244514
0.01173022
0.01319706
0.01121185
0.009275209
0.02122134
0.01069933
0.006092247
0.00652927
0.02490056
0.01906204
0.01169082
0.04566681
0.00817301
0.0241423
0.04642707
0.01846982
0.02087957
0.02762382
0.01315117
0.008066187
0.04259637
0.01595011
0.02576869
0.007535212
0.03528354
0.005623316
0.01494738
0.01199055
0.010135
)


64
(
0.008981168
0.01282826
0.01364501
0.01366628
0.01754138
0.01069805
0.01864534
0.02059523
0.01505998
0.02071866
0.02003201
0.02160729
0.02520954
0.008851317
0.008876068
0.008557321
0.005001062
0.01906178
0.03434966
0.006954633
0.04672966
0.04402475
0.01241233
0.02273534
0.01210577
0.05134237
0.003356218
0.007961889
0.006208921
0.006153031
0.01088654
0.01399746
0.009902446
0.005344792
0.01656292
0.01416544
0.01974752
0.02518327
0.003480231
0.008558427
0.007850486
0.006319608
0.007086593
0.003594347
0.01142943
0.009989575
0.01144282
0.008522839
0.01317335
0.01439937
0.01398349
0.005295194
0.009940145
0.005742947
0.005201383
0.0187155
0.01081397
0.03076926
0.007110433
0.04780249
0.02666156
0.02318055
0.01632493
0.03390806
)


64
(
0.01135689
0.01523937
0.01433798
0.0123956
0.01473637
0.01424546
0.01957004
0.01918038
0.01853478
0.01761588
0.02136368
0.02678501
0.0248195
0.00630891
0.009185151
0.009744063
0.006350703
0.01681544
0.01750079
0.008499861
0.01592026
0.02781649
0.01341749
0.02028297
0.01384997
0.0302739
0.005842806
0.01128718
0.00831073
0.00734328
0.01516184
0.01753033
0.01092033
0.006919106
0.01505504
0.013873
0.01778851
0.01781147
0.005547479
0.0135039
0.009749928
0.006720208
0.007429281
0.0079201
0.01567566
0.01179483
0.02162068
0.009162174
0.01894355
0.02550751
0.01748568
0.0131127
0.01771265
0.008954245
0.006729124
0.03241813
0.01419698
0.03215145
0.00770702
0.0540388
0.01396161
0.02026908
0.01483228
0.01971667
)


64
(
0.005629702
0.008223057
0.008506065
0.009058543
0.01408539
0.008008606
0.01318997
0.0170041
0.01121433
0.02065409
0.01690809
0.01972081
0.02706769
0.001387026
0.002239182
0.003074534
0.002018152
0.005292727
0.007008002
0.003744324
0.1111063
0.02116706
0.007069382
0.01205005
0.009716248
0.1703331
0.001843608
0.00498466
0.004565562
0.004881559
0.004749015
0.007149706
0.006922509
0.001906125
0.01342527
0.008650192
0.008556005
0.01294413
0.001576776
0.004272055
0.004318514
0.004072601
0.005328577
0.002097559
0.00701644
0.007525411
0.006822767
0.00749292
0.009861496
0.01267912
0.01372811
0.005860027
0.003663672
0.001889339
0.001787045
0.009542644
0.004037322
0.01780212
0.002756305
0.06719111
0.1884937
0.01237934
0.007543808
0.03785761
)


64
(
0.009159644
0.01111259
0.008398527
0.006322034
0.007847537
0.01621244
0.01279273
0.01208614
0.01715602
0.01133193
0.01724309
0.03366007
0.02244059
0.001759119
0.003958347
0.005484645
0.004411288
0.006529914
0.004179074
0.00677533
0.004149933
0.01052552
0.00927089
0.01082724
0.01295427
0.01682071
0.004517344
0.008914103
0.007935467
0.006724375
0.006924823
0.009098237
0.007469754
0.002415113
0.009697151
0.006960823
0.005986026
0.006160281
0.001904157
0.005771052
0.003578437
0.002602165
0.003584228
0.02041869
0.008162847
0.007090332
0.02069619
0.005877112
0.01689871
0.1670352
0.02065661
0.1847135
0.02866817
0.008020246
0.003532627
0.06836815
0.007898203
0.01375651
0.002899349
0.03940516
0.01274025
0.00592143
0.004326087
0.003979693
)


64
(
0.00408903
0.008011642
0.009429913
0.007823761
0.006406403
0.001566524
0.008302976
0.006733447
0.005245487
0.005324071
0.00598654
0.003989629
0.005451863
0.02161297
0.01731525
0.01219892
0.008922858
0.01679772
0.01969496
0.007269217
0.01476073
0.01376635
0.008981166
0.01135689
0.008092695
0.01488442
0.2018919
0.01242639
0.002356691
0.001485748
0.04217981
0.01633848
0.003586018
0.03255411
0.003203928
0.004707667
0.008522757
0.007877666
0.2534791
0.02300647
0.006686304
0.003695526
0.01859722
0.05164145
0.002576311
0.006642109
0.00927521
0.00348023
0.005547477
0.002266615
0.003094255
0.005553486
0.004484102
0.001712693
0.002196306
0.008123029
0.005188492
0.008358971
0.003818772
0.009428829
0.007748736
0.007942746
0.00767408
0.007067651
)


64
(
0.007400364
0.01383107
0.01348118
0.009407024
0.007667361
0.003197408
0.01277526
0.009098264
0.009879971
0.006646627
0.009406373
0.006924996
0.007594466
0.01981482
0.01956225
0.01618797
0.01231313
0.02029354
0.02021626
0.0106851
0.01545513
0.01676348
0.01282826
0.01523936
0.01182064
0.01805796
0.09325391
0.05832044
0.009036135
0.004642359
0.04861019
0.03628205
0.01025005
0.02293099
0.007627483
0.01043319
0.01294549
0.01189814
0.04162135
0.02643678
0.01284359
0.007508084
0.02924819
0.0473142
0.006126725
0.01329661
0.02122135
0.008558427
0.0135039
0.006141079
0.009377958
0.0066421
0.007502043
0.003294976
0.003946237
0.0113372
0.008960991
0.01193417
0.006096854
0.01124862
0.008028034
0.01090313
0.01087189
0.00828018
)


64
(
0.02233645
0.02853272
0.02138783
0.01095236
0.007431083
0.005855572
0.01637796
0.009056299
0.01408673
0.005690666
0.00945268
0.006404344
0.006047666
0.01653821
0.02136079
0.01989337
0.01708716
0.02018414
0.01620548
0.01308119
0.01101223
0.01387846
0.013645
0.01433798
0.01222747
0.0136476
0.0202548
0.1572229
0.09650518
0.01161902
0.02275536
0.03615307
0.02153216
0.007690905
0.008306504
0.01004132
0.007538319
0.006686004
0.01634639
0.02068793
0.01274209
0.008833816
0.01905458
0.01557711
0.006627099
0.004123893
0.01069933
0.007850484
0.009749924
0.006207862
0.005814958
0.003494342
0.004851244
0.002888044
0.004670215
0.006954678
0.008386462
0.009451781
0.007404409
0.007535033
0.005939541
0.01054091
0.01229162
0.007227809
)


64
(
0.1752879
0.04394671
0.01979582
0.006892957
0.004122029
0.01193974
0.01298841
0.005426649
0.01535941
0.002999798
0.006231618
0.004244618
0.003214219
0.01072359
0.01789154
0.02043817
0.02101582
0.01638714
0.01083415
0.01545558
0.007250438
0.01044261
0.01366628
0.0123956
0.01302166
0.0102733
0.001866914
0.02504425
0.1726274
0.1091961
0.004938768
0.01217621
0.02622626
0.002131608
0.01083789
0.007154276
0.003824351
0.003943482
0.005348414
0.01076138
0.009156383
0.007507062
0.01006843
0.00600295
0.005931509
0.002007832
0.006092249
0.006319609
0.006720208
0.005854365
0.004228518
0.001984306
0.003310702
0.002622552
0.005536612
0.00445753
0.007694504
0.007217578
0.008799541
0.004947938
0.004117481
0.00952297
0.01318116
0.005808232
)


64
(
0.1222389
0.03174877
0.008157796
0.002791777
0.002109376
0.2778045
0.009670711
0.003575566
0.04659095
0.001981462
0.007219454
0.01498228
0.003372715
0.008025169
0.01371297
0.01877865
0.01986027
0.01490816
0.009408164
0.01998935
0.007275331
0.01140316
0.01754138
0.01473637
0.02024775
0.01275225
0.001670477
0.01353569
0.0310892
0.04470597
0.005532833
0.01189653
0.02339867
0.003142139
0.02245386
0.01118028
0.006567607
0.008093106
0.003163004
0.007112431
0.007567647
0.00639579
0.008092836
0.004640149
0.006358508
0.002149823
0.006529271
0.007086592
0.00742928
0.007659829
0.005824369
0.00186982
0.004421953
0.006417104
0.01634293
0.004864391
0.01399373
0.008776857
0.01695893
0.004765589
0.00356529
0.0114149
0.01773079
0.005663515
)


64
(
0.002414037
0.005675045
0.006341354
0.005784744
0.006132844
0.001670574
0.00775442
0.007339448
0.005826969
0.006658426
0.007736996
0.006585443
0.008751167
0.0161908
0.01190493
0.009802178
0.006855977
0.01490852
0.01947494
0.007646124
0.02077476
0.01796497
0.01069805
0.01424546
0.01151237
0.02634522
0.01647899
0.006757934
0.002475804
0.002418109
0.02114681
0.01390932
0.005419904
0.02337934
0.006963676
0.007610828
0.01329026
0.01630657
0.01938745
0.004660811
0.003024063
0.001567842
0.009697208
0.1283757
0.001916957
0.3034019
0.02490057
0.003594348
0.007920101
0.003015241
0.03318037
0.03079558
0.01412615
0.003098873
0.00238689
0.02689952
0.007322532
0.0129961
0.003595811
0.01839375
0.01051668
0.008607713
0.006983159
0.007706095
)


64
(
0.01464065
0.02702233
0.01670946
0.009187207
0.00806464
0.01241924
0.02098587
0.01202642
0.02967342
0.007964227
0.01787042
0.01847438
0.01190538
0.01446016
0.0179726
0.01941924
0.01609054
0.02106789
0.01719081
0.01658705
0.01406546
0.01843688
0.01864534
0.01957004
0.01896058
0.02078818
0.01026183
0.03338442
0.02128656
0.01447804
0.02273232
0.03268953
0.02291692
0.01189606
0.01724981
0.01678018
0.01417628
0.01473718
0.01072138
0.01460315
0.01228509
0.008210151
0.02015147
0.01874326
0.008379994
0.008619205
0.01906205
0.01142943
0.01567566
0.01008613
0.01326462
0.005953261
0.01180297
0.008572437
0.01047527
0.01318069
0.0189401
0.01669428
0.01233528
0.01113827
0.00696816
0.01512845
0.01679759
0.008772536
)


64
(
0.01963875
0.03183611
0.01305856
0.006172108
0.005850113
0.0387972
0.02036586
0.01047522
0.0569914
0.006718074
0.02253129
0.05077266
0.0149852
0.009716298
0.01406129
0.01821262
0.01667567
0.01730945
0.01237005
0.01981443
0.01078426
0.01598808
0.02059524
0.01918039
0.02444341
0.01963997
0.003237607
0.0173993
0.02002087
0.01933757
0.009798915
0.01762904
0.02174174
0.005858016
0.0205787
0.0139763
0.01007905
0.01220673
0.004238002
0.00830898
0.008922171
0.006830137
0.01126755
0.007559891
0.007824393
0.00438267
0.01169082
0.009989577
0.01179484
0.01081778
0.01152179
0.003524899
0.01151948
0.02366959
0.02801762
0.009650937
0.03095299
0.01597973
0.02007676
0.007571503
0.004635411
0.01496344
0.01950552
0.006929647
)


64
(
0.004067646
0.009583298
0.008918674
0.007041046
0.007391963
0.003538369
0.01198235
0.00995657
0.01133784
0.008189922
0.01238728
0.01201802
0.01208811
0.01590979
0.01424471
0.0134023
0.009766164
0.01842668
0.02008588
0.01130961
0.02000673
0.02084822
0.01505997
0.01853477
0.01612059
0.02787852
0.01272957
0.01207581
0.005117807
0.004728318
0.02360391
0.02070717
0.009645082
0.01959358
0.01081776
0.01148174
0.01549493
0.01776707
0.01482233
0.01133893
0.009452045
0.00531615
0.02344745
0.05724402
0.006604706
0.05685321
0.04566681
0.01144282
0.02162068
0.009807727
0.03363129
0.01818601
0.02352023
0.008205255
0.005526577
0.02877493
0.01583702
0.02017134
0.006921211
0.01905415
0.009962893
0.01313375
0.011348
0.009250723
)


64
(
0.00678018
0.01326633
0.004426605
0.002202854
0.002398639
0.1490146
0.009017963
0.0048756
0.04755908
0.003223755
0.01376733
0.1908741
0.01036645
0.006388835
0.009689752
0.01422768
0.01397415
0.01267254
0.008608682
0.01994501
0.008115862
0.01280184
0.01949991
0.01657965
0.02794377
0.01733117
0.001554696
0.007328894
0.008553794
0.01273075
0.005311054
0.009293917
0.01338204
0.003674172
0.01874316
0.009900874
0.007206823
0.009970429
0.002163466
0.004967797
0.006211686
0.005191949
0.006885387
0.004057117
0.006602612
0.002639531
0.007692245
0.008021495
0.008623221
0.01013748
0.008988522
0.001717382
0.006185674
0.02924591
0.08687623
0.005094366
0.02582711
0.009872128
0.02434817
0.004103094
0.00258148
0.01062744
0.01662288
0.004317624
)


64
(
0.00520972
0.01340518
0.00912118
0.006231767
0.007131419
0.01066869
0.01599801
0.01195812
0.02613089
0.009182828
0.02136614
0.03518359
0.01945427
0.01103003
0.01260673
0.01499075
0.01202141
0.01747738
0.01525221
0.01630685
0.01560194
0.02021465
0.02003201
0.02136367
0.02430537
0.02802001
0.004624675
0.01089912
0.006978734
0.007786312
0.01271931
0.01648889
0.01279586
0.009306929
0.01551248
0.01251554
0.01234945
0.01542435
0.005013798
0.008111586
0.009187192
0.006225554
0.01467103
0.01356761
0.008563429
0.01267405
0.02414231
0.01317335
0.01894355
0.0141759
0.0274604
0.009990507
0.0367014
0.03450253
0.01867713
0.02477052
0.04013957
0.027073
0.01453386
0.01372462
0.006413655
0.01637734
0.01638688
0.007963703
)


64
(
0.00182285
0.004896692
0.004798732
0.004380558
0.005647056
0.002362928
0.007793837
0.008059538
0.007702196
0.00781923
0.01065919
0.01310107
0.01411054
0.009752877
0.008345553
0.008761164
0.006396142
0.0123478
0.01428926
0.009327268
0.0188844
0.01865404
0.01329679
0.01648308
0.01744533
0.03366006
0.003576565
0.004498671
0.002384509
0.002920438
0.009058195
0.00911821
0.005777889
0.009287264
0.008873146
0.007390329
0.009993036
0.01436315
0.002128387
0.003216075
0.004174356
0.002640347
0.007667485
0.01018699
0.004653124
0.04542149
0.02857051
0.008861153
0.01569693
0.01121614
0.1670352
0.1173332
0.103589
0.01120824
0.002988747
0.05189244
0.01135468
0.01481435
0.003190357
0.01486016
0.00559111
0.006588991
0.00501547
0.004424885
)


64
(
0.001817427
0.005492924
0.003936379
0.003094694
0.004347114
0.0109213
0.008569583
0.008163995
0.01678367
0.007150063
0.01728873
0.08906388
0.02306776
0.006541425
0.007742351
0.01053478
0.00898859
0.01161283
0.009807988
0.01533871
0.01166492
0.0159066
0.01833421
0.01805054
0.02829804
0.02652069
0.001803662
0.004536721
0.003423296
0.005057893
0.005754025
0.007797051
0.007828835
0.00491016
0.01298041
0.008065
0.007813816
0.0115146
0.00180541
0.00388893
0.005482567
0.004248141
0.006955491
0.004837932
0.006935688
0.006054616
0.0134326
0.01016981
0.01271686
0.01435211
0.02441235
0.003953344
0.05719597
0.208832
0.06029941
0.01160504
0.0377091
0.01461511
0.01027284
0.00454131
0.001845312
0.006590487
0.007315682
0.002531795
)


64
(
0.006880348
0.007340196
0.006028286
0.004554566
0.004094656
0.007624313
0.006843553
0.004958768
0.008040763
0.003122761
0.005906658
0.006247603
0.002407
0.007825817
0.006003939
0.005126232
0.003716947
0.007637752
0.01013904
0.003367915
0.0115712
0.009243024
0.004562178
0.006618798
0.002149833
0.008073151
0.02044637
0.01494035
0.01066371
0.007627871
0.01898752
0.01658484
0.009524714
0.01901834
0.01102873
0.01030515
0.01497458
0.02003838
0.002679457
0.00187629
0.001966977
0.001122818
0.003918602
0.00635549
0.001802605
0.02911117
0.02087957
0.005295193
0.0131127
0.008423788
0.3001593
0.005553486
0.006642099
0.003494343
0.001984305
0.00186982
0.03079557
0.00595326
0.003524898
0.01818601
0.001824719
0.009990508
0.1906665
0.005435848
)


64
(
0.00917387
0.01066637
0.007492166
0.005066863
0.004903397
0.0152409
0.01059663
0.007455118
0.01609309
0.004432553
0.01202123
0.01694793
0.005348776
0.007118957
0.007165232
0.007460591
0.005777724
0.00942754
0.009215678
0.006091052
0.008397598
0.01016814
0.007801728
0.009504677
0.004132847
0.007094181
0.01959421
0.02018486
0.01669822
0.01282575
0.01964328
0.02041514
0.01447474
0.01622812
0.0164054
0.01365718
0.01554068
0.01942254
0.008739315
0.006571719
0.006541169
0.004064092
0.01164894
0.01665442
0.005208351
0.03528523
0.02762381
0.009940141
0.01771264
0.005266526
0.04658574
0.004484101
0.00750204
0.004851243
0.0033107
0.004421951
0.01412614
0.01180297
0.01151947
0.02352022
0.006572276
0.03670139
0.168332
0.07864441
)


64
(
0.008535983
0.01016664
0.005678165
0.003332194
0.003153975
0.03341732
0.009300473
0.005676993
0.02397934
0.003020784
0.01392753
0.07095133
0.006739282
0.00516963
0.006441744
0.007615237
0.006850135
0.007735616
0.006116225
0.007272706
0.0045873
0.006495396
0.00745387
0.007309888
0.004481165
0.003816168
0.01461107
0.02017324
0.0209511
0.01796741
0.01470811
0.01769387
0.01621274
0.01064655
0.01834314
0.01262243
0.01158752
0.01414374
0.008864362
0.006577065
0.005720519
0.003927174
0.009170199
0.01275588
0.003850684
0.01672829
0.01315117
0.005742946
0.008954243
0.002715925
0.0130329
0.001712693
0.003294975
0.002888045
0.002622552
0.006417104
0.003098871
0.008572436
0.02366958
0.008205256
0.03107378
0.03450253
0.01821338
0.2871439
)


64
(
0.003704506
0.005533096
0.002994036
0.001795879
0.002047164
0.02285078
0.006700518
0.004948921
0.02003489
0.002587105
0.01844006
0.272087
0.01891831
0.004125073
0.006183874
0.008689889
0.008593187
0.007584347
0.004951452
0.01095203
0.003436676
0.005950688
0.009960875
0.008095634
0.007345838
0.003293974
0.009739681
0.01698894
0.02037289
0.02101286
0.01117426
0.01535434
0.01791139
0.00775369
0.02392756
0.01337633
0.0106188
0.01368296
0.007134653
0.006284557
0.005797726
0.004427023
0.007754034
0.008709783
0.004120369
0.008127548
0.008066189
0.005201383
0.006729123
0.002568877
0.005740518
0.002196307
0.003946237
0.004670216
0.005536611
0.01634293
0.002386889
0.01047527
0.02801761
0.005526578
0.092306
0.01867713
0.004856715
0.08291168
)


64
(
0.007755948
0.009467212
0.007846051
0.006083767
0.006327073
0.009661802
0.01059732
0.008598943
0.01193656
0.005728461
0.01088544
0.01022338
0.005090021
0.008551516
0.007484941
0.007452525
0.005215344
0.01102409
0.01261668
0.005844347
0.0147855
0.01626972
0.00899839
0.0131078
0.004676155
0.01489909
0.01895929
0.01744452
0.01314591
0.01036469
0.02102304
0.02071534
0.01349687
0.01957845
0.01696739
0.01479746
0.01922644
0.02594814
0.006214776
0.005760196
0.007274751
0.004506961
0.01195805
0.01342706
0.00830889
0.03085662
0.04259639
0.0187155
0.03241813
0.01371755
0.1110982
0.008123031
0.0113372
0.006954681
0.00445753
0.004864392
0.02689952
0.0131807
0.009650935
0.02877494
0.005412765
0.02477053
0.08432522
0.01595694
)


64
(
0.008074585
0.01221068
0.008201015
0.00564973
0.00706324
0.02028707
0.01706288
0.0154263
0.02885327
0.009328847
0.03527552
0.05367218
0.0268726
0.00607545
0.007978597
0.01090932
0.009044696
0.01162711
0.008452965
0.01347395
0.007024496
0.0124272
0.01643282
0.01570586
0.01124406
0.008039441
0.01335411
0.01981445
0.01933701
0.01833643
0.01649993
0.02093987
0.02012676
0.01243225
0.02715312
0.01808058
0.01662119
0.02186245
0.008354721
0.008076408
0.00870265
0.006295514
0.01198029
0.01232546
0.007493761
0.01330041
0.01595012
0.01081397
0.01419698
0.005803651
0.01283458
0.005188493
0.00896099
0.008386464
0.007694503
0.01399373
0.007322529
0.0189401
0.03095298
0.01583702
0.02744131
0.04013957
0.01845136
0.05185001
)


64
(
0.007186651
0.01037573
0.009156779
0.007848865
0.01028709
0.010097
0.01509321
0.01526481
0.01529015
0.0116588
0.01917081
0.01527624
0.01126025
0.007664849
0.00793052
0.009795696
0.006651052
0.0141301
0.01358156
0.01015542
0.01850079
0.03015141
0.01887257
0.02787787
0.01215153
0.03508192
0.01378275
0.01670196
0.01375998
0.01255608
0.01883729
0.02149937
0.01705077
0.01671
0.02526647
0.01924654
0.02220515
0.03255192
0.006726369
0.007970942
0.01152917
0.008370593
0.01433084
0.01144861
0.01751135
0.01280781
0.0242529
0.02895931
0.0302602
0.02408522
0.02103937
0.007867271
0.01123216
0.008895799
0.006793017
0.008260575
0.01223163
0.01571227
0.01503975
0.0189848
0.009872133
0.02548049
0.02265725
0.01891367
)


64
(
0.002408628
0.004452325
0.003186552
0.002416711
0.004298651
0.006343811
0.009241087
0.01608927
0.0142211
0.01157765
0.0402366
0.07960735
0.2392322
0.003782073
0.006339204
0.01104943
0.01083244
0.009183661
0.005129462
0.02442538
0.003691903
0.008267935
0.02200573
0.01412291
0.0269749
0.004801418
0.007815589
0.01440294
0.0162068
0.01894601
0.01077844
0.01554727
0.01998925
0.007860672
0.03467436
0.01721801
0.01337662
0.01928216
0.005990504
0.006708191
0.007352194
0.006197647
0.008239823
0.007250638
0.006353808
0.005857331
0.007535215
0.007110434
0.00770702
0.003962189
0.004711443
0.003818774
0.006096855
0.007404412
0.008799541
0.01695893
0.003595811
0.01233528
0.02007676
0.006921214
0.02586993
0.01453387
0.005184331
0.01412516
)


64
(
0.006063438
0.007871756
0.007716288
0.007021176
0.00792168
0.006126113
0.01001333
0.009357961
0.008596244
0.007035682
0.009408461
0.006428557
0.004689707
0.009025273
0.006847341
0.006621088
0.004172229
0.01168167
0.01649296
0.004999214
0.03177374
0.02649508
0.009214007
0.01664684
0.004734178
0.0424382
0.01473466
0.01349759
0.00976953
0.008287101
0.01939002
0.01906099
0.01226591
0.02027305
0.01799872
0.01558606
0.02257073
0.03475786
0.003644519
0.00464609
0.007973411
0.005354208
0.01029735
0.007418569
0.01841034
0.01022565
0.03528354
0.04780248
0.05403878
0.0965872
0.06403336
0.009428829
0.01124862
0.007535034
0.004947936
0.004765589
0.01839374
0.01113826
0.0075715
0.01905415
0.004359538
0.01372462
0.02414775
0.006244299
)


64
(
0.004151589
0.005453524
0.006270362
0.006808643
0.008177447
0.00344408
0.007418412
0.007864064
0.005046526
0.006839692
0.006145401
0.003330482
0.003284896
0.004813136
0.003052915
0.002713626
0.001605315
0.005517718
0.0100879
0.001883385
0.03886948
0.01823857
0.003861464
0.008478832
0.001981312
0.2042409
0.009692489
0.008692473
0.006210565
0.005648338
0.01416871
0.01387779
0.009171338
0.01667259
0.0162686
0.0131962
0.02074491
0.03841401
0.001076832
0.001915835
0.004171558
0.00383253
0.003527668
0.001745698
0.02421189
0.001474218
0.005623317
0.02666155
0.01396161
0.2709597
0.0207029
0.007748737
0.008028033
0.005939543
0.004117481
0.00356529
0.01051668
0.006968159
0.00463541
0.009962894
0.002742823
0.006413656
0.009085553
0.002537304
)


64
(
0.004787155
0.007960686
0.008245923
0.008484554
0.016902
0.005880547
0.01629114
0.02619564
0.01170797
0.03190474
0.02492147
0.01115698
0.02548589
0.004275845
0.005511454
0.008941616
0.006181011
0.0111582
0.007869258
0.01743652
0.008861257
0.02658358
0.04226576
0.04389967
0.1149758
0.03473389
0.008853021
0.01289345
0.01138436
0.01221534
0.01386733
0.01775096
0.01766089
0.0119576
0.03375758
0.02057536
0.02054711
0.03353691
0.0053058
0.007552952
0.01124008
0.009909853
0.01109796
0.00746947
0.01622992
0.006117803
0.01166625
0.01809214
0.01581977
0.01388902
0.007510107
0.006199218
0.008509758
0.008227053
0.007432563
0.008909195
0.006718215
0.01180757
0.01167878
0.01025074
0.008813003
0.01278232
0.008356771
0.007072719
)


64
(
0.00264766
0.004853423
0.004859373
0.004950214
0.01290926
0.003719524
0.01224905
0.03038889
0.008900968
0.06969531
0.03028007
0.01096961
0.1314197
0.002715205
0.004412994
0.008527884
0.007320521
0.007908293
0.004331384
0.03083435
0.003629997
0.01050138
0.03622405
0.02100097
0.151806
0.007658923
0.00660156
0.01133176
0.01134526
0.01361375
0.0103202
0.01449861
0.01794424
0.008253259
0.03807576
0.01870105
0.01572538
0.02576942
0.004830187
0.006603281
0.008645046
0.008027538
0.008289354
0.005949887
0.009668841
0.004427725
0.007105514
0.009674031
0.008789495
0.006426206
0.00416586
0.004547603
0.006442597
0.007283921
0.007811055
0.01050713
0.004138166
0.009954125
0.01155882
0.006724738
0.01046626
0.009710741
0.004829711
0.005960924
)


64
(
0.004181065
0.006274543
0.007494621
0.008637895
0.01399119
0.003775419
0.01105965
0.01508639
0.006616571
0.01656574
0.01125879
0.00470391
0.008316353
0.003490531
0.003181315
0.004121157
0.002392762
0.007249725
0.008229982
0.004843162
0.02177109
0.04089995
0.0153621
0.03384597
0.03349248
0.2259145
0.008304059
0.009885233
0.007794133
0.007998646
0.01359428
0.01558274
0.01300526
0.01384913
0.0259603
0.01782493
0.02223368
0.04040248
0.003389935
0.005825398
0.01105697
0.01042416
0.009330122
0.004939437
0.03199115
0.003724138
0.009827881
0.03288055
0.0191192
0.05277123
0.006271032
0.006853482
0.008029267
0.007008788
0.005632225
0.005491894
0.007472576
0.008506703
0.006719657
0.008970401
0.004448463
0.007722382
0.006972547
0.003375727
)

)


// ************************************************************************* //
